deltaR,deltaL,prevx,prevy,dx,dy,x,y,degrees,gyro
0.0,0.0,0,0,0.0,0.0,0.0,0.0,0.0,0.0
0.0,0.000117708333333,0.0,0.0,6.33624085996e-08,5.88541515076e-05,6.33624085996e-08,5.88541515076e-05,0.0411231070454,0.0
0.000353125,0.000470833333333,6.33624085996e-08,5.88541515076e-05,7.39227846457e-07,0.000411978742212,8.02590255057e-07,0.000470832893719,0.0822462140908,0.0
0.000353125,0.00070625,8.02590255057e-07,0.000470832893719,2.47112309874e-06,0.000529684089209,3.2737133538e-06,0.00100051698293,0.205615365754,0.0
0.000588541666667,0.00070625,3.2737133538e-06,0.00100051698293,3.02026252257e-06,0.000647389830342,6.29397587637e-06,0.00164790681327,0.246738472799,0.0
0.000588541666667,0.000588541666667,6.29397587637e-06,0.00164790681327,2.53448725904e-06,0.000588536209402,8.82846313541e-06,0.00223644302267,0.246738472799,0.0625
0.000823958333333,0.00070625,8.82846313541e-06,0.00223644302267,2.47112785337e-06,0.000765099239968,1.12995909888e-05,0.00300154226264,0.205615365754,0.0625
0.001059375,0.000823958333333,1.12995909888e-05,0.00300154226264,1.35172943954e-06,0.00094166448376,1.26513204283e-05,0.0039432067464,0.123369194031,0.0625
0.001059375,0.00117708333333,1.26513204283e-05,0.0039432067464,3.61164922797e-06,0.00111822455831,1.62629696563e-05,0.00506143130471,0.164492301077,0.0625
0.00117708333333,0.00117708333333,1.62629696563e-05,0.00506143130471,3.37932185801e-06,0.00117707848243,1.96422915143e-05,0.00623850978713,0.164492301077,0.0625
0.00129479166667,0.00129479166667,1.96422915143e-05,0.00623850978713,3.71725404381e-06,0.00129478633067,2.33595455581e-05,0.00753329611781,0.164492301077,0.0
0.00117708333333,0.0014125,2.33595455581e-05,0.00753329611781,6.50517686375e-06,0.00129477966068,2.98647224218e-05,0.00882807577849,0.246738472799,0.0
0.0014125,0.00153020833333,2.98647224218e-05,0.00882807577849,7.9202600023e-06,0.00147133559681,3.77849824242e-05,0.0102994113753,0.287861579845,0.0625
0.00153020833333,0.00153020833333,3.77849824242e-05,0.0102994113753,7.68793685929e-06,0.00153018902069,4.54729192834e-05,0.011829600396,0.287861579845,0.0625
0.00164791666667,0.00164791666667,4.54729192834e-05,0.011829600396,8.27931661769e-06,0.00164789586843,5.37522359011e-05,0.0134774962644,0.287861579845,0.125
0.001765625,0.001765625,5.37522359011e-05,0.0134774962644,8.8706963761e-06,0.00176560271618,6.26229322772e-05,0.0152430989806,0.287861579845,0.0625
0.00188333333333,0.001765625,6.26229322772e-05,0.0152430989806,7.20217106694e-06,0.00182446224915,6.98251033442e-05,0.0170675612297,0.246738472799,0.125
0.00188333333333,0.00188333333333,6.98251033442e-05,0.0170675612297,8.11035922893e-06,0.00188331587009,7.79354625731e-05,0.0189508770998,0.246738472799,0.125
0.00188333333333,0.00200104166667,7.79354625731e-05,0.0189508770998,1.0454743203e-05,0.00194216298779,8.83902057761e-05,0.0208930400876,0.287861579845,0.0625
0.00188333333333,0.00200104166667,8.83902057761e-05,0.0208930400876,1.18486934527e-05,0.00194215548407,0.000100238899229,0.0228351955717,0.32898468689,0.125
0.00200104166667,0.00223645833333,0.000100238899229,0.0228351955717,1.67274967068e-05,0.00211869542748,0.000116966395936,0.0249538909992,0.411230858612,0.125
0.00200104166667,0.00211875,0.000116966395936,0.0249538909992,1.70020489234e-05,0.00205983163488,0.000133968444859,0.0270137226341,0.452353965658,0.125
0.00211875,0.00223645833333,0.000133968444859,0.0270137226341,1.95364762874e-05,0.00217752339948,0.000153504921146,0.0291912460335,0.493477072703,0.125
0.00223645833333,0.00223645833333,0.000153504921146,0.0291912460335,1.92619295216e-05,0.00223637538325,0.000172766850668,0.0314276214168,0.493477072703,0.1875
0.00223645833333,0.00223645833333,0.000172766850668,0.0314276214168,1.92619295216e-05,0.00223637538325,0.00019202878019,0.0336639968,0.493477072703,0.1875
0.00223645833333,0.00235416666667,0.00019202878019,0.0336639968,2.22398532283e-05,0.00229521258709,0.000214268633418,0.0359592093871,0.534600179749,0.1875
0.00235416666667,0.00235416666667,0.000214268633418,0.0359592093871,2.19653118046e-05,0.00235406419189,0.000236233945223,0.038313273579,0.534600179749,0.1875
0.00235416666667,0.002471875,0.000236233945223,0.038313273579,2.51121772219e-05,0.00241289901581,0.000261346122444,0.0407261725948,0.575723286794,0.1875
0.00235416666667,0.00235416666667,0.000261346122444,0.0407261725948,2.36548970081e-05,0.00235404782031,0.000285001019453,0.0430802204151,0.575723286794,0.1875
0.00235416666667,0.002471875,0.000285001019453,0.0430802204151,2.68439829855e-05,0.00241288099196,0.000311845002438,0.0454931014071,0.616846393839,0.1875
0.00235416666667,0.002471875,0.000311845002438,0.0454931014071,2.85757749207e-05,0.00241286172513,0.000340420777359,0.0479059631322,0.657969500885,0.25
0.002471875,0.00258958333333,0.000340420777359,0.0479059631322,3.17859693126e-05,0.00253054078682,0.000372206746671,0.0504365039191,0.69909260793,0.25
0.00235416666667,0.002471875,0.000372206746671,0.0504365039191,3.20393137372e-05,0.00241281946259,0.000404246060409,0.0528493233816,0.740215714976,0.25
0.00258958333333,0.00258958333333,0.000404246060409,0.0528493233816,3.34544179882e-05,0.00258936722815,0.000437700478397,0.0554386906098,0.740215714976,0.25
0.002471875,0.00270729166667,0.000437700478397,0.0554386906098,3.90297609721e-05,0.00258931653769,0.000476730239369,0.0580280071475,0.822461886698,0.3125
0.002471875,0.00258958333333,0.000476730239369,0.0580280071475,3.905081095e-05,0.00253044171002,0.000515781050319,0.0605584488575,0.863584993744,0.3125
0.00258958333333,0.00258958333333,0.000515781050319,0.0605584488575,3.90297619294e-05,0.00258928919164,0.000554810812248,0.0631477380491,0.863584993744,0.3125
0.002471875,0.00270729166667,0.000554810812248,0.0631477380491,4.46049239609e-05,0.00258923049805,0.000599415736209,0.0657369685472,0.945831165466,0.375
0.002471875,0.00270729166667,0.000599415736209,0.0657369685472,4.8321585355e-05,0.00258916646918,0.000647737321564,0.0683261350164,1.02807733719,0.375
0.00258958333333,0.00270729166667,0.000647737321564,0.0683261350164,5.03700718099e-05,0.00264797637345,0.000698107393374,0.0709741113898,1.06920044423,0.4375
0.00258958333333,0.00270729166667,0.000698107393374,0.0709741113898,5.22705874806e-05,0.00264794022116,0.000750377980855,0.073622051611,1.11032355128,0.4375
0.00258958333333,0.00270729166667,0.000750377980855,0.073622051611,5.41710762245e-05,0.0026479027048,0.000804549057079,0.0762699543158,1.15144665832,0.4375
0.00270729166667,0.00270729166667,0.000804549057079,0.0762699543158,5.4403520508e-05,0.00270674498713,0.000858952577587,0.0789766993029,1.15144665832,0.4375
0.00258958333333,0.00270729166667,0.000858952577587,0.0789766993029,5.60715370626e-05,0.0026478638244,0.00091502411465,0.0816245631273,1.19256976537,0.4375
0.00270729166667,0.002825,0.00091502411465,0.0816245631273,6.05485009722e-05,0.00276550462797,0.000975572615622,0.0843900677553,1.23369287242,0.4375
0.00294270833333,0.00306041666667,0.000975572615622,0.0843900677553,6.78553539196e-05,0.00300081956775,0.00104342796954,0.087390887323,1.27481597946,0.4375
0.00294270833333,0.003178125,0.00104342796954,0.087390887323,7.4675739741e-05,0.00305955827702,0.00111810370928,0.0904504456001,1.35706215118,0.4375
0.00306041666667,0.003178125,0.00111810370928,0.0904504456001,7.72308773676e-05,0.00311834211138,0.00119533458665,0.0935687877114,1.39818525823,0.5
0.00306041666667,0.00306041666667,0.00119533458665,0.0935687877114,7.46757408722e-05,0.00305950546777,0.00127001032752,0.0966282931792,1.39818525823,0.5
0.00306041666667,0.003178125,0.00127001032752,0.0966282931792,7.94689764961e-05,0.00311828668019,0.00134947930402,0.0997465798594,1.43930836527,0.5
0.00306041666667,0.00306041666667,0.00134947930402,0.0997465798594,7.68716313737e-05,0.00305945108245,0.00142635093539,0.102806030942,1.43930836527,0.5
0.00306041666667,0.00306041666667,0.00142635093539,0.102806030942,7.68716313737e-05,0.00305945108245,0.00150322256677,0.105865482024,1.43930836527,0.5625
0.00306041666667,0.00329583333333,0.00150322256677,0.105865482024,8.66690211064e-05,0.00317700441388,0.00158989158787,0.109042486438,1.521554537,0.5625
0.00306041666667,0.003178125,0.00158989158787,0.109042486438,8.61830213377e-05,0.00311811074863,0.00167607460921,0.112160597187,1.56267764404,0.5625
0.003178125,0.003178125,0.00167607460921,0.112160597187,8.6669022281e-05,0.00317694302691,0.00176274363149,0.115337540214,1.56267764404,0.5625
0.003178125,0.003178125,0.00176274363149,0.115337540214,8.6669022281e-05,0.00317694302691,0.00184941265377,0.118514483241,1.56267764404,0.5625
0.00329583333333,0.00341354166667,0.00184941265377,0.118514483241,9.50942290278e-05,0.00335337333687,0.0019445068828,0.121867856577,1.60380075109,0.625
0.00353125,0.00364895833333,0.0019445068828,0.121867856577,0.000104343184815,0.0035886247396,0.00204885006762,0.125456481317,1.64492385813,0.625
0.00353125,0.00364895833333,0.00204885006762,0.125456481317,0.000106918807622,0.00358854984899,0.00215576887524,0.129045031166,1.68604696518,0.625
0.00353125,0.00364895833333,0.00215576887524,0.129045031166,0.000109494375349,0.00358847310977,0.00226526325059,0.132633504276,1.72717007222,0.6875
0.00364895833333,0.00364895833333,0.00226526325059,0.132633504276,0.000109980477116,0.0036473005378,0.0023752437277,0.136280804814,1.72717007222,0.6875
0.00353125,0.00364895833333,0.0023752437277,0.136280804814,0.000112069886672,0.00358839452198,0.00248731361437,0.139869199336,1.76829317927,0.6875
0.00353125,0.00353125,0.00248731361437,0.139869199336,0.000108966037519,0.00352956838228,0.00259627965189,0.143398767718,1.76829317927,0.75
0.00353125,0.00353125,0.00259627965189,0.143398767718,0.000108966037519,0.00352956838228,0.00270524568941,0.1469283361,1.76829317927,0.75
0.00353125,0.00364895833333,0.00270524568941,0.1469283361,0.000114645340263,0.00358831408566,0.00281989102968,0.150516650186,1.80941628631,0.75
0.00353125,0.00364895833333,0.00281989102968,0.150516650186,0.000117220734795,0.00358823180085,0.00293711176447,0.154104881987,1.85053939336,0.8125
0.00353125,0.00353125,0.00293711176447,0.154104881987,0.000114032503273,0.0035294083287,0.00305114426774,0.157634290315,1.85053939336,0.8125
0.00341354166667,0.00353125,0.00305114426774,0.157634290315,0.000115868328977,0.00347050348176,0.00316701259672,0.161104793797,1.89166250041,0.8125
0.00353125,0.00353125,0.00316701259672,0.161104793797,0.000116565648689,0.00352932557467,0.00328357824541,0.164634119372,1.89166250041,0.875
0.00353125,0.00353125,0.00328357824541,0.164634119372,0.000116565648689,0.00352932557467,0.0034001438941,0.168163444947,1.89166250041,0.875
0.00353125,0.00364895833333,0.0034001438941,0.168163444947,0.000122371341378,0.00358806168592,0.00352251523548,0.171751506632,1.93278560745,0.875
0.00364895833333,0.00353125,0.00352251523548,0.171751506632,0.000117220734795,0.00358814766758,0.00363973597027,0.1753396543,1.89166250041,0.9375
0.00353125,0.00364895833333,0.00363973597027,0.1753396543,0.000122371341378,0.00358806168592,0.00376210731165,0.178927715986,1.93278560745,0.9375
0.00376666666667,0.00364895833333,0.00376210731165,0.178927715986,0.000121064037576,0.00370579185341,0.00388317134922,0.182633507839,1.89166250041,0.9375
0.00376666666667,0.00376666666667,0.00388317134922,0.182633507839,0.000124336691934,0.00376461394632,0.00400750804116,0.186398121786,1.89166250041,0.9375
0.003884375,0.00376666666667,0.00400750804116,0.186398121786,0.000122163067493,0.00382352568943,0.00412967110865,0.190221647475,1.85053939336,0.9375
0.00376666666667,0.003884375,0.00412967110865,0.190221647475,0.000127651548873,0.00382343603923,0.00425732265753,0.194045083514,1.89166250041,0.9375
0.00364895833333,0.00376666666667,0.00425732265753,0.194045083514,0.000126383516505,0.00370570305267,0.00438370617403,0.197750786567,1.93278560745,1.0
0.00376666666667,0.00376666666667,0.00438370617403,0.197750786567,0.00012703864966,0.00376452373605,0.00451074482369,0.201515310303,1.93278560745,1.0
0.00364895833333,0.00376666666667,0.00451074482369,0.201515310303,0.000129043158996,0.00370561234298,0.00463978798269,0.205220922646,1.9739087145,1.0
0.00376666666667,0.003884375,0.00463978798269,0.205220922646,0.000135883774219,0.00382315527117,0.00477567175691,0.209044077917,2.01503182154,1.0
0.00376666666667,0.003884375,0.00477567175691,0.209044077917,0.00013862771122,0.00382305774282,0.00491429946813,0.21286713566,2.05615492859,1.0
0.003884375,0.00364895833333,0.00491429946813,0.21286713566,0.000127038653835,0.00376443158642,0.00504133812196,0.216631567246,1.97390875686,1.0
0.00376666666667,0.00376666666667,0.00504133812196,0.216631567246,0.000129740544726,0.00376443158642,0.00517107866669,0.220395998833,1.97390875686,1.0
0.00376666666667,0.00376666666667,0.00517107866669,0.220395998833,0.000129740544726,0.00376443158642,0.00530081921141,0.224160430419,1.97390875686,1.0
0.00258958333333,0.00258958333333,0.00530081921141,0.224160430419,8.9196624499e-05,0.00258804671566,0.00539001583591,0.226748477135,1.97390875686,1.0
0.00235416666667,0.002471875,0.00539001583591,0.226748477135,8.57113055214e-05,0.00241152870944,0.00547572714143,0.229160005844,2.01503186391,1.0
0.00223645833333,0.00211875,0.00547572714143,0.229160005844,7.42252414613e-05,0.0021763120109,0.00554995238289,0.231336317855,1.97390875686,1.0
0.00211875,0.00211875,0.00554995238289,0.231336317855,7.29790564082e-05,0.00211749276736,0.0056229314393,0.233453810623,1.97390875686,1.0
0.00200104166667,0.00188333333333,0.0056229314393,0.233453810623,6.48077108633e-05,0.00194108255135,0.00568773915017,0.235394893174,1.93278564982,1.0
0.00188333333333,0.00200104166667,0.00568773915017,0.235394893174,6.75940371e-05,0.00194103503675,0.00575533318727,0.237335928211,1.97390875686,1.0
0.001765625,0.001765625,0.00575533318727,0.237335928211,6.08158803402e-05,0.00176457730613,0.00581614906761,0.239100505517,1.97390875686,1.0
0.00164791666667,0.00164791666667,0.00581614906761,0.239100505517,5.67614883175e-05,0.00164693881906,0.00587291055592,0.240747444336,1.97390875686,1.0
0.00153020833333,0.00153020833333,0.00587291055592,0.240747444336,5.27070962948e-05,0.00152930033198,0.00592561765222,0.242276744668,1.97390875686,1.0
0.0014125,0.0014125,0.00592561765222,0.242276744668,4.86527042722e-05,0.00141166184491,0.00597427035649,0.243688406513,1.97390875686,1.0
0.00129479166667,0.0014125,0.00597427035649,0.243688406513,4.80819518778e-05,0.00135280878822,0.00602235230837,0.245041215301,2.01503186391,1.0
0.001059375,0.00117708333333,0.00602235230837,0.245041215301,4.0521947183e-05,0.00111750918633,0.00606287425555,0.246158724487,2.05615497096,1.0
0.001059375,0.001059375,0.00606287425555,0.246158724487,3.80092858297e-05,0.00105869291337,0.00610088354138,0.247217417401,2.05615497096,1.0
0.000941666666667,0.000941666666667,0.00610088354138,0.247217417401,3.37860318486e-05,0.000941060367438,0.00613466957323,0.248158477768,2.05615497096,1.0
0.000823958333333,0.000941666666667,0.00613466957323,0.248158477768,3.26242106851e-05,0.00088222113345,0.00616729378391,0.249040698902,2.097278078,1.0
0.00070625,0.00070625,0.00616729378391,0.249040698902,2.5846090312e-05,0.00070577690676,0.00619313987423,0.249746475808,2.097278078,1.0
0.000588541666667,0.000588541666667,0.00619313987423,0.249746475808,2.15384085933e-05,0.0005881474223,0.00621467828282,0.250334623231,2.097278078,1.0
0.000588541666667,0.000588541666667,0.00621467828282,0.250334623231,2.15384085933e-05,0.0005881474223,0.00623621669141,0.250922770653,2.097278078,1.0
0.000470833333333,0.000470833333333,0.00623621669141,0.250922770653,1.72307268746e-05,0.00047051793784,0.00625344741829,0.251393288591,2.097278078,1.0
0.000353125,0.000470833333333,0.00625344741829,0.251393288591,1.55201170274e-05,0.00041169226838,0.00626896753532,0.251804980859,2.13840118505,1.0
0.000235416666667,0.000235416666667,0.00626896753532,0.251804980859,8.78421447435e-06,0.000235252724789,0.00627775174979,0.252040233584,2.13840118505,1.0
0.000235416666667,0.000117708333333,0.00627775174979,0.252040233584,6.3982021868e-06,0.00017644422669,0.00628414995198,0.252216677811,2.097278078,1.0
0.000117708333333,0.0,0.00628414995198,0.252216677811,2.09051964686e-06,5.88162729649e-05,0.00628624047162,0.252275494084,2.05615497096,1.0
0.000117708333333,0.0,0.00628624047162,0.252275494084,2.04830415455e-06,5.88177734011e-05,0.00628828877578,0.252334311857,2.01503186391,1.0
0.0,0.0,0.00628828877578,0.252334311857,0.0,0.0,0.00628828877578,0.252334311857,2.01503186391,1.0
0.0,0.0,0.00628828877578,0.252334311857,0.0,0.0,0.00628828877578,0.252334311857,2.01503186391,1.0
0.0,0.0,0.00628828877578,0.252334311857,0.0,0.0,0.00628828877578,0.252334311857,2.01503186391,1.0
0.0,0.0,0.00628828877578,0.252334311857,0.0,0.0,0.00628828877578,0.252334311857,2.01503186391,1.0
0.0,0.0,0.00628828877578,0.252334311857,0.0,0.0,0.00628828877578,0.252334311857,2.01503186391,1.0
0.0,0.0,0.00628828877578,0.252334311857,0.0,0.0,0.00628828877578,0.252334311857,2.01503186391,1.0
0.0,0.0,0.00628828877578,0.252334311857,0.0,0.0,0.00628828877578,0.252334311857,2.01503186391,1.0
0.0,0.0,0.00628828877578,0.252334311857,0.0,0.0,0.00628828877578,0.252334311857,2.01503186391,1.0
0.0,0.0,0.00628828877578,0.252334311857,0.0,0.0,0.00628828877578,0.252334311857,2.01503186391,1.0
0.0,0.0,0.00628828877578,0.252334311857,0.0,0.0,0.00628828877578,0.252334311857,2.01503186391,1.0
0.0,0.0,0.00628828877578,0.252334311857,0.0,0.0,0.00628828877578,0.252334311857,2.01503186391,1.0
0.0,0.0,0.00628828877578,0.252334311857,0.0,0.0,0.00628828877578,0.252334311857,2.01503186391,1.0
