deltaR,deltaL,prevx,prevy,dx,dy,x,y,degrees,gyro
0.0,0.0,0,0,0.0,0.0,0.0,0.0,0.0,0.0
0.0,0.000117708333333,0.0,0.0,6.33624085996e-08,5.88541515076e-05,6.33624085996e-08,5.88541515076e-05,0.0411231070454,0.0
0.000235416666667,0.000470833333333,6.33624085996e-08,5.88541515076e-05,1.01379694909e-06,0.000353124181409,1.07715935769e-06,0.000411978332916,0.123369278768,0.0
0.000588541666667,0.000470833333333,1.07715935769e-06,0.000411978332916,5.70261285709e-07,0.000529686954273,1.6474206434e-06,0.000941665287189,0.0822461717224,0.0
0.00070625,0.000470833333333,1.6474206434e-06,0.000941665287189,-4.22415885061e-07,0.000588541666667,1.22500475833e-06,0.00153020695386,0.0,0.0
0.000941666666667,0.000588541666667,1.22500475833e-06,0.00153020695386,-2.47112672184e-06,0.000765102393056,-1.2461219635e-06,0.00229530934691,-0.123369151663,0.0625
0.000823958333333,0.00070625,-1.2461219635e-06,0.00229530934691,-2.47112785337e-06,0.00076510101358,-3.71724981687e-06,0.00306041036049,-0.164492258708,0.0625
0.000941666666667,0.000941666666667,-3.71724981687e-06,0.00306041036049,-2.70345679008e-06,0.000941662785944,-6.42070660695e-06,0.00400207314644,-0.164492258708,0.0625
0.000941666666667,0.001059375,-6.42070660695e-06,0.00400207314644,-1.79526466771e-06,0.001000518514,-8.21597127465e-06,0.00500259166043,-0.123369151663,0.0
0.00117708333333,0.00129479166667,-8.21597127465e-06,0.00500259166043,-1.33060692485e-06,0.00123593622664,-9.54657819951e-06,0.00623852788707,-0.0822460446175,0.0
0.00117708333333,0.0014125,-9.54657819951e-06,0.00623852788707,9.29317819499e-07,0.00129479166667,-8.61726038001e-06,0.00753331955374,1.27104932495e-07,0.0
0.00129479166667,0.00153020833333,-8.61726038001e-06,0.00753331955374,3.04139541693e-06,0.00141249854472,-5.57586496308e-06,0.00894581809846,0.0822462988274,0.0625
0.0014125,0.0014125,-5.57586496308e-06,0.00894581809846,2.02759885953e-06,0.00141249854472,-3.54826610355e-06,0.0103583166432,0.0822462988274,0.0625
0.00153020833333,0.00153020833333,-3.54826610355e-06,0.0103583166432,2.19656543116e-06,0.00153020675678,-1.3517006724e-06,0.0118885234,0.0822462988274,0.0625
0.00164791666667,0.00164791666667,-1.3517006724e-06,0.0118885234,2.36553200278e-06,0.00164791496884,1.01383133039e-06,0.0135364383688,0.0822462988274,0.0625
0.001765625,0.001765625,1.01383133039e-06,0.0135364383688,2.53449857441e-06,0.0017656231809,3.5483299048e-06,0.0153020615497,0.0822462988274,0.0625
0.00164791666667,0.001765625,3.5483299048e-06,0.0153020615497,4.28752182496e-06,0.0017067668768,7.83585172976e-06,0.0170088284265,0.123369405873,0.0625
0.00188333333333,0.00188333333333,7.83585172976e-06,0.0170088284265,4.05519458556e-06,0.0018833289675,1.18910463153e-05,0.018892157394,0.123369405873,0.0625
0.001765625,0.00200104166667,1.18910463153e-05,0.018892157394,8.11036549584e-06,0.00188332120605,2.00014118112e-05,0.0207754786001,0.205615577595,0.0625
0.00200104166667,0.00200104166667,2.00014118112e-05,0.0207754786001,7.18106042792e-06,0.00200102878143,2.71824722391e-05,0.0227765073815,0.205615577595,0.125
0.00188333333333,0.00211875,2.71824722391e-05,0.0227765073815,1.1489655105e-05,0.00200101641164,3.86721273441e-05,0.0247775237931,0.287861749318,0.125
0.00211875,0.00211875,3.86721273441e-05,0.0247775237931,1.06448419182e-05,0.00211872325938,4.93169692623e-05,0.0268962470525,0.287861749318,0.125
0.00211875,0.00211875,4.93169692623e-05,0.0268962470525,1.06448419182e-05,0.00211872325938,5.99618111805e-05,0.0290149703119,0.287861749318,0.125
0.00211875,0.00223645833333,5.99618111805e-05,0.0290149703119,1.32849051606e-05,0.00217756826999,7.32467163411e-05,0.0311925385819,0.328984856363,0.125
0.00223645833333,0.00223645833333,7.32467163411e-05,0.0311925385819,1.28413800619e-05,0.00223642146647,8.6088096403e-05,0.0334289600484,0.328984856363,0.125
0.00223645833333,0.00235416666667,8.6088096403e-05,0.0334289600484,1.56503966783e-05,0.00229526461253,0.000101738493081,0.0357242246609,0.370107963408,0.125
0.00223645833333,0.00235416666667,0.000101738493081,0.0357242246609,1.72977771522e-05,0.00229525337971,0.000119036270233,0.0380194780406,0.411231070454,0.1875
0.00235416666667,0.00235416666667,0.000119036270233,0.0380194780406,1.68965004882e-05,0.00235410603047,0.000135932770722,0.0403735840711,0.411231070454,0.1875
0.00235416666667,0.002471875,0.000135932770722,0.0403735840711,1.99166948032e-05,0.00241294562936,0.000155849465525,0.0427865297004,0.452354177499,0.1875
0.00235416666667,0.002471875,0.000155849465525,0.0427865297004,2.16485366993e-05,0.00241293133448,0.000177498002224,0.0451994610349,0.493477284545,0.1875
0.002471875,0.002471875,0.000177498002224,0.0451994610349,2.12895101892e-05,0.00247178331825,0.000198787512413,0.0476712443532,0.493477284545,0.1875
0.00235416666667,0.00235416666667,0.000198787512413,0.0476712443532,2.02757239897e-05,0.00235407935071,0.000219063236403,0.0500253237039,0.493477284545,0.1875
0.002471875,0.002471875,0.000219063236403,0.0500253237039,2.12895101892e-05,0.00247178331825,0.000240352746592,0.0524971070221,0.493477284545,0.1875
0.002471875,0.00258958333333,0.000240352746592,0.0524971070221,2.45208731723e-05,0.00253061900619,0.000264873619765,0.0550277260283,0.53460039159,0.25
0.002471875,0.00258958333333,0.000264873619765,0.0550277260283,2.63371708331e-05,0.00253060140674,0.000291210790598,0.0575583274351,0.575723498636,0.25
0.002471875,0.00258958333333,0.000291210790598,0.0575583274351,2.81534549266e-05,0.00253058250366,0.000319364245524,0.0600889099387,0.616846605681,0.25
0.002471875,0.00258958333333,0.000319364245524,0.0600889099387,2.9969724517e-05,0.00253056229698,0.000349333970041,0.0626194722357,0.657969712726,0.3125
0.002471875,0.00258958333333,0.000349333970041,0.0626194722357,3.17859786688e-05,0.0025305407867,0.00038111994871,0.0651500130224,0.699092819772,0.3125
0.00258958333333,0.002471875,0.00038111994871,0.0651500130224,2.81534549266e-05,0.00253056229698,0.000409273403637,0.0676805753194,0.657969712726,0.3125
0.002471875,0.00270729166667,0.000409273403637,0.0676805753194,3.53128918187e-05,0.00258936722805,0.000444586295455,0.0702699425474,0.740215884449,0.3125
0.00258958333333,0.00258958333333,0.000444586295455,0.0702699425474,3.34544256472e-05,0.00258936722805,0.000478040721103,0.0728593097755,0.740215884449,0.375
0.00258958333333,0.00258958333333,0.000478040721103,0.0728593097755,3.34544256472e-05,0.00258936722805,0.00051149514675,0.0754486770035,0.740215884449,0.375
0.00270729166667,0.00270729166667,0.00051149514675,0.0754486770035,3.49750813584e-05,0.00270706573841,0.000546470228108,0.0781557427419,0.740215884449,0.375
0.00258958333333,0.00258958333333,0.000546470228108,0.0781557427419,3.34544256472e-05,0.00258936722805,0.000579924653755,0.08074510997,0.740215884449,0.375
0.00294270833333,0.00294270833333,0.000579924653755,0.08074510997,3.80163927809e-05,0.00294246275914,0.000617941046536,0.0836875727291,0.740215884449,0.375
0.00294270833333,0.00294270833333,0.000617941046536,0.0836875727291,3.80163927809e-05,0.00294246275914,0.000655957439317,0.0866300354883,0.740215884449,0.375
0.00306041666667,0.00306041666667,0.000655957439317,0.0866300354883,3.95370484921e-05,0.00306016126951,0.000695494487809,0.0896901967578,0.740215884449,0.375
0.00306041666667,0.003178125,0.000695494487809,0.0896901967578,4.36552804015e-05,0.00311898079855,0.000739149768211,0.0928091775563,0.781338991494,0.4375
0.00306041666667,0.00306041666667,0.000739149768211,0.0928091775563,4.17334187353e-05,0.00306013210424,0.000780883186946,0.0958693096606,0.781338991494,0.4375
0.003178125,0.003178125,0.000780883186946,0.0958693096606,4.33385502251e-05,0.00317782949286,0.000824221737171,0.0990471391534,0.781338991494,0.4375
0.00306041666667,0.003178125,0.000824221737171,0.0990471391534,4.58938552334e-05,0.00311894946569,0.000870115592405,0.102166088619,0.82246209854,0.5
0.003178125,0.00306041666667,0.000870115592405,0.102166088619,4.14166830809e-05,0.00311898079855,0.000911532275486,0.105285069418,0.781338991494,0.5625
0.00306041666667,0.003178125,0.000911532275486,0.105285069418,4.58938552334e-05,0.00311894946569,0.000957426130719,0.108404018883,0.82246209854,0.5625
0.003178125,0.003178125,0.000957426130719,0.108404018883,4.56193739214e-05,0.00317779756881,0.00100304550464,0.111581816452,0.82246209854,0.5625
0.003178125,0.003178125,0.00100304550464,0.111581816452,4.56193739214e-05,0.00317779756881,0.00104866487856,0.114759614021,0.82246209854,0.5625
0.003178125,0.00329583333333,0.00104866487856,0.114759614021,4.9948723647e-05,0.00323661148937,0.00109861360221,0.11799622551,0.863585205585,0.625
0.00329583333333,0.00341354166667,0.00109861360221,0.11799622551,5.4172512654e-05,0.00335426929911,0.00115278611486,0.121350494809,0.90470831263,0.625
0.00353125,0.00364895833333,0.00115278611486,0.121350494809,6.05504797962e-05,0.0035896150084,0.00121333659466,0.124940109818,0.945831419676,0.625
0.00364895833333,0.00364895833333,0.00121333659466,0.124940109818,6.0233802909e-05,0.00364846115608,0.00127357039757,0.128588570974,0.945831419676,0.625
0.00364895833333,0.00364895833333,0.00127357039757,0.128588570974,6.0233802909e-05,0.00364846115608,0.00133380420048,0.13223703213,0.945831419676,0.6875
0.00364895833333,0.00364895833333,0.00133380420048,0.13223703213,6.0233802909e-05,0.00364846115608,0.00139403800339,0.135885493286,0.945831419676,0.6875
0.00364895833333,0.00364895833333,0.00139403800339,0.135885493286,6.0233802909e-05,0.00364846115608,0.00145427180629,0.139533954442,0.945831419676,0.75
0.00353125,0.00364895833333,0.00145427180629,0.139533954442,6.3126835911e-05,0.00358957154928,0.00151739864221,0.143123525991,0.986954526721,0.75
0.00353125,0.00364895833333,0.00151739864221,0.143123525991,6.57031595065e-05,0.00358952624103,0.00158310180171,0.146713052232,1.02807763377,0.75
0.00364895833333,0.00364895833333,0.00158310180171,0.146713052232,6.54709854936e-05,0.00364837093351,0.00164857278721,0.150361423166,1.02807763377,0.8125
0.00353125,0.00376666666667,0.00164857278721,0.150361423166,7.33264990005e-05,0.00364827319328,0.00172189928621,0.154009696359,1.11032380549,0.8125
0.00364895833333,0.00376666666667,0.00172189928621,0.154009696359,7.58395231616e-05,0.00370706378639,0.00179773880937,0.157716760146,1.15144691253,0.8125
0.00353125,0.00364895833333,0.00179773880937,0.157716760146,7.60080994988e-05,0.00358932651719,0.00187374690887,0.161306086663,1.19257001958,0.8125
0.00353125,0.00364895833333,0.00187374690887,0.161306086663,7.85842405908e-05,0.00358927196362,0.00195233114946,0.164895358626,1.23369312663,0.875
0.00364895833333,0.00364895833333,0.00195233114946,0.164895358626,7.85633254323e-05,0.00364811248762,0.00203089447489,0.168543471114,1.23369312663,0.875
0.00364895833333,0.00376666666667,0.00203089447489,0.168543471114,8.38213359944e-05,0.0037068947598,0.00211471581088,0.172250365874,1.27481623367,0.9375
0.00353125,0.00376666666667,0.00211471581088,0.172250365874,8.90364751068e-05,0.00364793486837,0.00220375228599,0.175898300742,1.35706240539,0.9375
0.00353125,0.00364895833333,0.00220375228599,0.175898300742,8.88883842147e-05,0.00358903525988,0.00229264067021,0.179487336002,1.39818551244,0.9375
0.00376666666667,0.003884375,0.00229264067021,0.179487336002,9.74619692742e-05,0.00382431385264,0.00239010263948,0.183311649855,1.43930861948,0.9375
0.00376666666667,0.003884375,0.00239010263948,0.183311649855,0.000100206757621,0.00382424390091,0.0024903093971,0.187135893756,1.48043172653,1.0
0.00376666666667,0.00400208333333,0.0024903093971,0.187135893756,0.000108715702933,0.00388293036575,0.00259902510003,0.191018824121,1.56267789825,1.0
0.00376666666667,0.003884375,0.00259902510003,0.191018824121,0.000108440804454,0.00382402222578,0.00270746590449,0.194842846347,1.6038010053,1.0
0.00376666666667,0.00376666666667,0.00270746590449,0.194842846347,0.000105421289085,0.00376519111462,0.00281288719357,0.198608037462,1.6038010053,1.0625
0.003884375,0.00400208333333,0.00281288719357,0.198608037462,0.000114606466384,0.00394160422169,0.00292749365996,0.202549641684,1.64492411234,1.0625
0.00364895833333,0.003884375,0.00292749365996,0.202549641684,0.000116230452548,0.00376495539344,0.00304372411251,0.206314597077,1.72717028407,1.0625
0.00376666666667,0.00400208333333,0.00304372411251,0.206314597077,0.000125435763649,0.00388243819068,0.00316915987615,0.210197035268,1.80941645579,1.0625
0.00376666666667,0.003884375,0.00316915987615,0.210197035268,0.000124907351665,0.00382352568906,0.00329406722782,0.214020560957,1.85053956283,1.125
0.00376666666667,0.003884375,0.00329406722782,0.214020560957,0.000127651560182,0.00382343603886,0.003421718788,0.217843996996,1.89166266988,1.125
0.00376666666667,0.003884375,0.003421718788,0.217843996996,0.000130395702941,0.00382334441904,0.00355211449094,0.221667341415,1.93278577692,1.1875
0.00364895833333,0.00400208333333,0.00355211449094,0.221667341415,0.000141371571155,0.00382305774282,0.0036934860621,0.225490399157,2.05615492859,1.1875
0.00376666666667,0.003884375,0.0036934860621,0.225490399157,0.000141371576809,0.00382295824505,0.00383485763891,0.229313357402,2.09727803563,1.25
0.00364895833333,0.003884375,0.00383485763891,0.229313357402,0.00014595043922,0.00376394175172,0.00398080807812,0.233077299154,2.17952420735,1.25
0.00364895833333,0.00376666666667,0.00398080807812,0.233077299154,0.00014499956727,0.0037050279994,0.00412580764539,0.236782327154,2.2206473144,1.3125
0.00376666666667,0.003884375,0.00412580764539,0.236782327154,0.000152346293938,0.00382254056098,0.00427815393933,0.240604867715,2.26177042145,1.3125
0.00364895833333,0.003884375,0.00427815393933,0.240604867715,0.000156755552259,0.0037635149823,0.00443490949159,0.244368382697,2.34401659317,1.3125
0.00364895833333,0.00376666666667,0.00443490949159,0.244368382697,0.000155635696233,0.00370460026412,0.00459054518782,0.248072982961,2.38513970021,1.375
0.00364895833333,0.00376666666667,0.00459054518782,0.248072982961,0.000158294532147,0.00370448855916,0.00474883971997,0.25177747152,2.42626280726,1.375
0.00364895833333,0.00364895833333,0.00474883971997,0.25177747152,0.000154473614388,0.00364568715345,0.00490331333436,0.255423158674,2.42626280726,1.375
0.00364895833333,0.003884375,0.00490331333436,0.255423158674,0.00016755937328,0.00376305719303,0.00507087270764,0.259186215867,2.50850897898,1.375
0.00376666666667,0.00376666666667,0.00507087270764,0.259186215867,0.000164858544717,0.00376305719303,0.00523573125236,0.26294927306,2.50850897898,1.375
0.00364895833333,0.00376666666667,0.00523573125236,0.26294927306,0.000166270542407,0.00370414199459,0.00540200179476,0.266653415054,2.54963208603,1.375
0.002471875,0.00258958333333,0.00540200179476,0.266653415054,0.000115300776014,0.00252814244818,0.00551730257078,0.269181557502,2.59075519307,1.375
0.00235416666667,0.00235416666667,0.00551730257078,0.269181557502,0.000106412573943,0.00235176041691,0.00562371514472,0.271533317919,2.59075519307,1.375
0.00211875,0.00223645833333,0.00562371514472,0.271533317919,0.000100773586694,0.00217530717764,0.00572448873142,0.273708625097,2.63187830012,1.375
0.00200104166667,0.00188333333333,0.00572448873142,0.273708625097,8.7094093642e-05,0.00194020234395,0.00581158282506,0.275648827441,2.59075519307,1.375
0.00200104166667,0.00188333333333,0.00581158282506,0.275648827441,8.57015003609e-05,0.00194026485431,0.00589728432542,0.277589092295,2.54963208603,1.375
0.00188333333333,0.00188333333333,0.00589728432542,0.277589092295,8.37796873356e-05,0.00188146894963,0.00598106401275,0.279470561245,2.54963208603,1.375
0.00188333333333,0.00164791666667,0.00598106401275,0.279470561245,7.47452979368e-05,0.00176398806945,0.00605580931069,0.281234549314,2.4673859143,1.375
0.00164791666667,0.00164791666667,0.00605580931069,0.281234549314,7.09439642715e-05,0.00164638886482,0.00612675327496,0.282880938179,2.4673859143,1.375
0.00153020833333,0.00153020833333,0.00612675327496,0.282880938179,6.58765382521e-05,0.00152878966019,0.00619262981321,0.284409727839,2.4673859143,1.375
0.0014125,0.00129479166667,0.00619262981321,0.284409727839,5.68193811644e-05,0.00135243233112,0.00624944919438,0.28576216017,2.42626280726,1.375
0.00129479166667,0.00129479166667,0.00624944919438,0.28576216017,5.48132180087e-05,0.00129363092542,0.00630426241239,0.287055791096,2.42626280726,1.375
0.00117708333333,0.00117708333333,0.00630426241239,0.287055791096,4.98301981897e-05,0.00117602811402,0.00635409261058,0.28823181921,2.42626280726,1.375
0.001059375,0.00117708333333,0.00635409261058,0.28823181921,4.85414673623e-05,0.00111719244399,0.00640263407794,0.289349011654,2.4673859143,1.375
0.000941666666667,0.000941666666667,0.00640263407794,0.289349011654,4.05394081551e-05,0.000940793637041,0.00644317348609,0.290289805291,2.4673859143,1.375
0.000823958333333,0.000823958333333,0.00644317348609,0.290289805291,3.54719821357e-05,0.000823194432411,0.00647864546823,0.291112999723,2.4673859143,1.375
0.000823958333333,0.000823958333333,0.00647864546823,0.291112999723,3.54719821357e-05,0.000823194432411,0.00651411745037,0.291936194156,2.4673859143,1.375
0.000588541666667,0.00070625,0.00651411745037,0.291936194156,2.85671672652e-05,0.000646775455031,0.00654268461763,0.292582969611,2.50850902135,1.375
0.000588541666667,0.000588541666667,0.00654268461763,0.292582969611,2.57591480469e-05,0.000587977686392,0.00656844376568,0.293170947297,2.50850902135,1.375
0.000470833333333,0.000588541666667,0.00656844376568,0.293170947297,2.37529350209e-05,0.000529163142067,0.0065921967007,0.293700110439,2.54963212839,1.375
0.000353125,0.000470833333333,0.0065921967007,0.293700110439,1.87698940741e-05,0.000411558072946,0.00661096659477,0.294111668512,2.59075523544,1.375
0.000353125,0.000353125,0.00661096659477,0.294111668512,1.59618863523e-05,0.000352764062525,0.00662692848113,0.294464432575,2.59075523544,1.375
0.000235416666667,0.000235416666667,0.00662692848113,0.294464432575,1.06412575682e-05,0.000235176041683,0.00663756973869,0.294699608616,2.59075523544,1.375
0.000353125,0.000117708333333,0.00663756973869,0.294699608616,1.01348522997e-05,0.000235191074549,0.00664770459099,0.294934799691,2.50850906372,1.375
0.0,0.0,0.00664770459099,0.294934799691,0.0,0.0,0.00664770459099,0.294934799691,2.50850906372,1.375
0.0,0.0,0.00664770459099,0.294934799691,0.0,0.0,0.00664770459099,0.294934799691,2.50850906372,1.375
0.0,0.0,0.00664770459099,0.294934799691,0.0,0.0,0.00664770459099,0.294934799691,2.50850906372,1.375
0.0,0.0,0.00664770459099,0.294934799691,0.0,0.0,0.00664770459099,0.294934799691,2.50850906372,1.375
0.0,0.0,0.00664770459099,0.294934799691,0.0,0.0,0.00664770459099,0.294934799691,2.50850906372,1.375
0.0,0.0,0.00664770459099,0.294934799691,0.0,0.0,0.00664770459099,0.294934799691,2.50850906372,1.375
0.0,0.0,0.00664770459099,0.294934799691,0.0,0.0,0.00664770459099,0.294934799691,2.50850906372,1.375
0.0,0.0,0.00664770459099,0.294934799691,0.0,0.0,0.00664770459099,0.294934799691,2.50850906372,1.375
0.0,0.0,0.00664770459099,0.294934799691,0.0,0.0,0.00664770459099,0.294934799691,2.50850906372,1.375
0.0,0.0,0.00664770459099,0.294934799691,0.0,0.0,0.00664770459099,0.294934799691,2.50850906372,1.375
0.0,0.0,0.00664770459099,0.294934799691,0.0,0.0,0.00664770459099,0.294934799691,2.50850906372,1.375
0.0,0.0,0.00664770459099,0.294934799691,0.0,0.0,0.00664770459099,0.294934799691,2.50850906372,1.375
0.0,0.0,0.00664770459099,0.294934799691,0.0,0.0,0.00664770459099,0.294934799691,2.50850906372,1.375
