deltaR,deltaL,prevx,prevy,dx,dy,x,y,degrees,gyro
0.0,0.0,0,0,0.0,0.0,0.0,0.0,0.0,0.0
0.000117708333333,0.000117708333333,0.0,0.0,0.0,0.000117708333333,0.0,0.000117708333333,0.0,0.0
0.000353125,0.000470833333333,0.0,0.000117708333333,4.43536860197e-07,0.000411979060553,4.43536860197e-07,0.000529687393886,0.0411231070454,0.0
0.000353125,0.000470833333333,4.43536860197e-07,0.000529687393886,7.39227846457e-07,0.000411978742212,1.18276470665e-06,0.000941666136098,0.0822462140908,0.0
0.000470833333333,0.000588541666667,1.18276470665e-06,0.000941666136098,1.33060943817e-06,0.000529686272112,2.51337414482e-06,0.00147135240821,0.123369321136,0.0
0.00070625,0.000588541666667,2.51337414482e-06,0.00147135240821,6.96986494595e-07,0.000647395166332,3.21036063942e-06,0.00211874757454,0.0822462140908,0.0
0.000823958333333,0.000941666666667,3.21036063942e-06,0.00211874757454,2.21768239695e-06,0.000882810453521,5.42804303637e-06,0.00300155802806,0.123369321136,0.0
0.001059375,0.000941666666667,5.42804303637e-06,0.00300155802806,1.07716094619e-06,0.00100051980251,6.50520398256e-06,0.00400207783058,0.0822462140908,0.0
0.001059375,0.00117708333333,6.50520398256e-06,0.00400207783058,2.80906436947e-06,0.00111822657446,9.31426835203e-06,0.00512030440504,0.123369321136,0.0625
0.00117708333333,0.00117708333333,9.31426835203e-06,0.00512030440504,2.53449487516e-06,0.00117708060469,1.18487632272e-05,0.00629738500973,0.123369321136,0.0625
0.00117708333333,0.00129479166667,1.18487632272e-05,0.00629738500973,3.9918255727e-06,0.00123593240654,1.58405887999e-05,0.00753331741627,0.164492428182,0.0
0.0014125,0.0014125,1.58405887999e-05,0.00753331741627,4.05518936309e-06,0.0014124941789,1.9895778163e-05,0.00894581159518,0.164492428182,0.0625
0.0014125,0.00153020833333,1.9895778163e-05,0.00894581159518,5.80820682538e-06,0.00147134469223,2.57039849884e-05,0.0104171562874,0.205615535227,0.0625
0.00153020833333,0.00164791666667,2.57039849884e-05,0.0104171562874,7.4133763465e-06,0.00158904776536,3.31173613349e-05,0.0120062040528,0.246738642272,0.0625
0.00164791666667,0.00153020833333,3.31173613349e-05,0.0120062040528,5.1323471649e-06,0.00158905226761,3.82497084998e-05,0.0135952563204,0.205615535227,0.0625
0.00164791666667,0.001765625,3.82497084998e-05,0.0135952563204,7.96251533513e-06,0.00170675500724,4.62122238349e-05,0.0153020113276,0.246738642272,0.0625
0.00188333333333,0.001765625,4.62122238349e-05,0.0153020113276,5.89269489303e-06,0.00182446741837,5.21049187279e-05,0.017126478746,0.205615535227,0.125
0.00188333333333,0.00188333333333,5.21049187279e-05,0.017126478746,6.75864371598e-06,0.00188332120606,5.88635624439e-05,0.019009799952,0.205615535227,0.0625
0.00188333333333,0.00200104166667,5.88635624439e-05,0.019009799952,9.06079331239e-06,0.001942169491,6.79243557563e-05,0.020951969443,0.246738642272,0.0625
0.00200104166667,0.00211875,6.79243557563e-05,0.020951969443,1.1088370096e-05,0.00205986983551,7.90127258523e-05,0.0230118392786,0.287861749318,0.125
0.00211875,0.00200104166667,7.90127258523e-05,0.0230118392786,8.13148955553e-06,0.00205987673288,8.71442154079e-05,0.0250717160114,0.246738642272,0.125
0.00211875,0.00211875,8.71442154079e-05,0.0250717160114,9.12416039947e-06,0.00211873035382,9.62683758073e-05,0.0271904463653,0.246738642272,0.125
0.00211875,0.00223645833333,9.62683758073e-05,0.0271904463653,1.17219912444e-05,0.00217757668325,0.000107990367052,0.0293680230485,0.287861749318,0.125
0.00211875,0.00235416666667,0.000107990367052,0.0293680230485,1.60516729832e-05,0.00223641167376,0.000124042040035,0.0316044347223,0.37010792104,0.125
0.00223645833333,0.00223645833333,0.000124042040035,0.0316044347223,1.44465298301e-05,0.00223641167376,0.000138488569865,0.033840846396,0.37010792104,0.1875
0.00223645833333,0.00235416666667,0.000138488569865,0.033840846396,1.72977754549e-05,0.00229525337972,0.00015578634532,0.0361360997757,0.411231028086,0.1875
0.00223645833333,0.00235416666667,0.00015578634532,0.0361360997757,1.8945147018e-05,0.00229524096453,0.000174731492338,0.0384313407403,0.452354135131,0.1875
0.00235416666667,0.00235416666667,0.000174731492338,0.0384313407403,1.85861152855e-05,0.00235409329695,0.000193317607623,0.0407854340372,0.452354135131,0.1875
0.00235416666667,0.00235416666667,0.000193317607623,0.0407854340372,1.85861152855e-05,0.00235409329695,0.000211903722909,0.0431395273342,0.452354135131,0.1875
0.00235416666667,0.002471875,0.000211903722909,0.0431395273342,2.1648534915e-05,0.0024129313345,0.000233552257824,0.0455524586687,0.493477242177,0.1875
0.002471875,0.002471875,0.000233552257824,0.0455524586687,2.12895083614e-05,0.00247178331827,0.000254841766185,0.0480242419869,0.493477242177,0.25
0.00235416666667,0.00258958333333,0.000254841766185,0.0480242419869,2.66116980966e-05,0.00247175021127,0.000281453464282,0.0504959921982,0.575723413899,0.25
0.00235416666667,0.002471875,0.000281453464282,0.0504959921982,2.68439883383e-05,0.0024128809919,0.00030829745262,0.0529088731901,0.616846520944,0.25
0.002471875,0.002471875,0.00030829745262,0.0529088731901,2.66116990105e-05,0.0024717317478,0.000334909151631,0.0553806049379,0.616846520944,0.25
0.002471875,0.002471875,0.000334909151631,0.0553806049379,2.66116990105e-05,0.0024717317478,0.000361520850641,0.0578523366857,0.616846520944,0.3125
0.002471875,0.002471875,0.000361520850641,0.0578523366857,2.66116990105e-05,0.0024717317478,0.000388132549652,0.0603240684335,0.616846520944,0.3125
0.00258958333333,0.00258958333333,0.000388132549652,0.0603240684335,2.78789227729e-05,0.0025894332596,0.000416011472424,0.0629135016931,0.616846520944,0.3125
0.002471875,0.00258958333333,0.000416011472424,0.0629135016931,2.99697207745e-05,0.00253056229703,0.000445981193199,0.0654440639902,0.65796962799,0.3125
0.00258958333333,0.00258958333333,0.000445981193199,0.0654440639902,2.97374387309e-05,0.002589412583,0.00047571863193,0.0680334765732,0.65796962799,0.375
0.00258958333333,0.002471875,0.00047571863193,0.0680334765732,2.63371670905e-05,0.0025305825037,0.00050205579902,0.0705640590769,0.616846520944,0.375
0.002471875,0.00258958333333,0.00050205579902,0.0705640590769,2.99697207745e-05,0.00253056229703,0.000532025519795,0.0730946213739,0.65796962799,0.375
0.00258958333333,0.00258958333333,0.000532025519795,0.0730946213739,2.97374387309e-05,0.002589412583,0.000561762958526,0.0756840339569,0.65796962799,0.4375
0.00258958333333,0.00258958333333,0.000561762958526,0.0756840339569,2.97374387309e-05,0.002589412583,0.000591500397257,0.0782734465399,0.65796962799,0.4375
0.00258958333333,0.00258958333333,0.000591500397257,0.0782734465399,2.97374387309e-05,0.002589412583,0.000621237835987,0.0808628591229,0.65796962799,0.4375
0.00270729166667,0.00270729166667,0.000621237835987,0.0808628591229,3.10891404914e-05,0.00270711315496,0.000652326976479,0.0835699722779,0.65796962799,0.4375
0.00306041666667,0.00306041666667,0.000652326976479,0.0835699722779,3.51442457728e-05,0.00306021487082,0.000687471222252,0.0866301871487,0.65796962799,0.4375
0.00306041666667,0.00306041666667,0.000687471222252,0.0866301871487,3.51442457728e-05,0.00306021487082,0.000722615468024,0.0896904020195,0.65796962799,0.5
0.00306041666667,0.00294270833333,0.000722615468024,0.0896904020195,3.12371051539e-05,0.0030013885509,0.000753852573178,0.0926917905704,0.616846520944,0.5
0.00294270833333,0.00306041666667,0.000753852573178,0.0926917905704,3.55454827791e-05,0.00300136458484,0.000789398055957,0.0956931551553,0.65796962799,0.5
0.00306041666667,0.00306041666667,0.000789398055957,0.0956931551553,3.51442457728e-05,0.00306021487082,0.00082454230173,0.0987533700261,0.65796962799,0.5
0.003178125,0.003178125,0.00082454230173,0.0987533700261,3.64959475333e-05,0.00317791544278,0.000861038249264,0.101931285469,0.65796962799,0.5
0.00306041666667,0.00306041666667,0.000861038249264,0.101931285469,3.51442457728e-05,0.00306021487082,0.000896182495036,0.10499150034,0.65796962799,0.5
0.00294270833333,0.003178125,0.000896182495036,0.10499150034,4.17334130781e-05,0.00306016126957,0.000937915908114,0.108051661609,0.740215799712,0.5625
0.00306041666667,0.003178125,0.000937915908114,0.108051661609,4.36552757888e-05,0.00311898079861,0.000981571183903,0.111170642408,0.781338906758,0.5625
0.00306041666667,0.00306041666667,0.000981571183903,0.111170642408,4.17334142096e-05,0.0030601321043,0.00102330459811,0.114230774512,0.781338906758,0.5625
0.00306041666667,0.003178125,0.00102330459811,0.114230774512,4.58938506207e-05,0.00311894946575,0.00106919844873,0.117349723978,0.822462013803,0.5625
0.00329583333333,0.00341354166667,0.00106919844873,0.117349723978,5.17650359098e-05,0.0033543064527,0.00112096348464,0.120704030431,0.863585120849,0.625
0.00364895833333,0.00364895833333,0.00112096348464,0.120704030431,5.49964908127e-05,0.00364854386083,0.00117595997546,0.124352574291,0.863585120849,0.625
0.00353125,0.00353125,0.00117595997546,0.124352574291,5.32224104639e-05,0.00353084889758,0.00122918238592,0.127883423189,0.863585120849,0.625
0.00364895833333,0.00353125,0.00122918238592,0.127883423189,5.02447513795e-05,0.00358973429077,0.0012794271373,0.13147315748,0.822462013803,0.625
0.00353125,0.00353125,0.0012794271373,0.13147315748,5.0688188024e-05,0.00353088618764,0.00133011532532,0.135004043667,0.822462013803,0.6875
0.00364895833333,0.00364895833333,0.00133011532532,0.135004043667,5.23777942915e-05,0.0036485823939,0.00138249311961,0.138652626061,0.822462013803,0.6875
0.00364895833333,0.00364895833333,0.00138249311961,0.138652626061,5.23777942915e-05,0.0036485823939,0.00143487091391,0.142301208455,0.822462013803,0.6875
0.00353125,0.00364895833333,0.00143487091391,0.142301208455,5.53976700087e-05,0.0035896963792,0.00149026858392,0.145890904834,0.863585120849,0.75
0.00341354166667,0.00376666666667,0.00149026858392,0.145890904834,6.5703138272e-05,0.00358957154956,0.00155597172219,0.149480476384,0.986954272511,0.75
0.00353125,0.00364895833333,0.00155597172219,0.149480476384,6.57031435806e-05,0.00358952624132,0.00162167486577,0.153070002625,1.02807737956,0.8125
0.00353125,0.00376666666667,0.00162167486577,0.153070002625,7.33264828141e-05,0.0036482731936,0.00169500134858,0.156718275819,1.11032355128,0.8125
0.00353125,0.00364895833333,0.00169500134858,0.156718275819,7.34319033265e-05,0.00358937922207,0.00176843325191,0.160307655041,1.15144665832,0.8125
0.00353125,0.00376666666667,0.00176843325191,0.160307655041,8.11816577092e-05,0.00364811248802,0.00184961490962,0.163955767529,1.23369283005,0.8125
0.00353125,0.00364895833333,0.00184961490962,0.163955767529,8.11603226223e-05,0.00358921556149,0.00193077523224,0.16754498309,1.27481593709,0.875
0.00353125,0.00364895833333,0.00193077523224,0.16754498309,8.37363814237e-05,0.00358915731,0.00201451161366,0.1711341404,1.31593904414,0.875
0.00353125,0.00364895833333,0.00201451161366,0.1711341404,8.63123970889e-05,0.00358909720958,0.00210082401075,0.17472323761,1.35706215118,0.875
0.00353125,0.00376666666667,0.00210082401075,0.17472323761,9.42727632824e-05,0.00364780705991,0.00219509677403,0.17837104467,1.43930832291,0.875
0.003884375,0.003884375,0.00219509677403,0.17837104467,9.7567836949e-05,0.00388314945087,0.00229266461098,0.182254194121,1.43930832291,0.875
0.003884375,0.003884375,0.00229266461098,0.182254194121,9.7567836949e-05,0.00388314945087,0.00239023244793,0.186137343572,1.43930832291,0.875
0.00376666666667,0.00376666666667,0.00239023244793,0.186137343572,9.46112358294e-05,0.00376547825539,0.00248484368376,0.189902821827,1.43930832291,0.875
0.003884375,0.003884375,0.00248484368376,0.189902821827,9.7567836949e-05,0.00388314945087,0.00258241152071,0.193785971278,1.43930832291,0.8125
0.003884375,0.00400208333333,0.00258241152071,0.193785971278,0.000103290022067,0.00394191294454,0.00268570154278,0.197727884223,1.48043142995,0.8125
0.00376666666667,0.003884375,0.00268570154278,0.197727884223,0.000102951474552,0.00382417197967,0.00278865301733,0.201552056202,1.521554537,0.8125
0.00376666666667,0.003884375,0.00278865301733,0.201552056202,0.000105696158244,0.00382409808794,0.00289434917557,0.20537615429,1.56267764404,0.8125
0.00376666666667,0.00400208333333,0.00289434917557,0.20537615429,0.00011428927765,0.00388277430851,0.00300863845322,0.209258928599,1.64492381576,0.8125
0.00364895833333,0.003884375,0.00300863845322,0.209258928599,0.00011623043306,0.00376495539403,0.00312486888628,0.213023883993,1.72716998749,0.875
0.00376666666667,0.003884375,0.00312486888628,0.213023883993,0.000119418726045,0.00382369908097,0.00324428761233,0.216847583074,1.76829309453,0.875
0.00376666666667,0.003884375,0.00324428761233,0.216847583074,0.000122163061839,0.00382361337014,0.00336645067417,0.220671196444,1.80941620158,0.875
0.00364895833333,0.003884375,0.00336645067417,0.220671196444,0.000127038639917,0.00376461394659,0.00349348931408,0.22443581039,1.8916623733,0.9375
0.00364895833333,0.003884375,0.00349348931408,0.22443581039,0.000132442354864,0.0037644315869,0.00362593166895,0.228200241977,1.97390854502,0.9375
0.00364895833333,0.003884375,0.00362593166895,0.228200241977,0.000137845796905,0.00376424147035,0.00376377746585,0.231964483448,2.05615471675,1.0
0.00376666666667,0.003884375,0.00376377746585,0.231964483448,0.000141371562674,0.00382295824557,0.00390514902853,0.235787441693,2.09727782379,1.0
0.00364895833333,0.00376666666667,0.00390514902853,0.235787441693,0.000139681036808,0.00370523041604,0.00404483006533,0.239492672109,2.13840093084,1.0625
0.00376666666667,0.00364895833333,0.00404483006533,0.239492672109,0.000134362229483,0.00370532876109,0.00417919229482,0.24319800087,2.09727782379,1.0625
0.00376666666667,0.00376666666667,0.00417919229482,0.24319800087,0.000137845798296,0.00376414350333,0.00431703809311,0.246962144374,2.09727782379,1.0625
0.00364895833333,0.00376666666667,0.00431703809311,0.246962144374,0.000139681036808,0.00370523041604,0.00445671912992,0.25066737479,2.13840093084,1.0625
0.00376666666667,0.003884375,0.00445671912992,0.25066737479,0.000146859073959,0.00382275334202,0.00460357820388,0.254490128132,2.17952403788,1.125
0.00364895833333,0.00376666666667,0.00460357820388,0.254490128132,0.000144999556311,0.00370502799982,0.00474857776019,0.258195156132,2.22064714493,1.125
0.00364895833333,0.00364895833333,0.00474857776019,0.258195156132,0.000141389478557,0.00364621803157,0.00488996723875,0.261841374163,2.22064714493,1.125
0.00364895833333,0.00376666666667,0.00488996723875,0.261841374163,0.000147658704704,0.00370492392877,0.00503762594345,0.265546298092,2.26177025197,1.125
0.00364895833333,0.00376666666667,0.00503762594345,0.265546298092,0.000150317777033,0.00370481794915,0.00518794372049,0.269251116041,2.30289335902,1.1875
0.00364895833333,0.00376666666667,0.00518794372049,0.269251116041,0.000152976771926,0.00370471006104,0.00534092049241,0.272955826102,2.34401646606,1.25
0.00353125,0.00376666666667,0.00534092049241,0.272955826102,0.00015709019447,0.00364568715391,0.00549801068688,0.276601513256,2.42626263779,1.25
0.00364895833333,0.00364895833333,0.00549801068688,0.276601513256,0.000154473603605,0.00364568715391,0.00565248429049,0.28024720041,2.42626263779,1.25
0.00353125,0.00364895833333,0.00565248429049,0.28024720041,0.000155843647765,0.00358677574168,0.00580832793825,0.283833976152,2.46738574483,1.3125
0.00364895833333,0.00376666666667,0.00580832793825,0.283833976152,0.000163611947017,0.00370425942475,0.00597193988527,0.287538235576,2.50850885188,1.3125
0.00364895833333,0.00376666666667,0.00597193988527,0.287538235576,0.00016627053419,0.00370414199496,0.00613821041946,0.291242377571,2.54963195892,1.375
0.00364895833333,0.00353125,0.00613821041946,0.291242377571,0.000155843647765,0.00358666388745,0.00629405406722,0.294829041459,2.50850885188,1.375
0.00364895833333,0.00364895833333,0.00629405406722,0.294829041459,0.000159706707108,0.0036454616561,0.00645376077433,0.298474503115,2.50850885188,1.375
0.00364895833333,0.00364895833333,0.00645376077433,0.298474503115,0.000159706707108,0.0036454616561,0.00661346748144,0.302119964771,2.50850885188,1.375
0.00364895833333,0.00364895833333,0.00661346748144,0.302119964771,0.000159706707108,0.0036454616561,0.00677317418855,0.305765426427,2.50850885188,1.4375
0.00364895833333,0.00364895833333,0.00677317418855,0.305765426427,0.000159706707108,0.0036454616561,0.00693288089565,0.309410888083,2.50850885188,1.4375
0.00376666666667,0.00364895833333,0.00693288089565,0.309410888083,0.00015829452119,0.00370437494632,0.00709117541684,0.313115263029,2.46738574483,1.4375
0.00364895833333,0.00364895833333,0.00709117541684,0.313115263029,0.000157090195818,0.003645575344,0.00724826561266,0.316760838373,2.46738574483,1.4375
0.00364895833333,0.00364895833333,0.00724826561266,0.316760838373,0.000157090195818,0.003645575344,0.00740535580848,0.320406413717,2.46738574483,1.4375
0.00353125,0.00364895833333,0.00740535580848,0.320406413717,0.000158417916953,0.00358666388745,0.00756377372543,0.323993077605,2.50850885188,1.4375
0.00364895833333,0.00376666666667,0.00756377372543,0.323993077605,0.00016627053419,0.00370414199496,0.00773004425962,0.3276972196,2.54963195892,1.5
0.00364895833333,0.00364895833333,0.00773004425962,0.3276972196,0.000162323136126,0.00364534609027,0.00789236739575,0.33134256569,2.54963195892,1.5
0.00353125,0.00376666666667,0.00789236739575,0.33134256569,0.00017017191203,0.0036451093252,0.00806253930778,0.334987675015,2.63187813064,1.5
0.00364895833333,0.00353125,0.00806253930778,0.334987675015,0.000160992101881,0.00358643463627,0.00822353140966,0.338574109652,2.5907550236,1.5
0.00364895833333,0.00364895833333,0.00822353140966,0.338574109652,0.000164939478829,0.0036452286467,0.00838847088849,0.342219338298,2.5907550236,1.5
0.00353125,0.00364895833333,0.00838847088849,0.342219338298,0.000166140226915,0.00358631723931,0.0085546111154,0.345805655538,2.63187813064,1.5
0.00364895833333,0.00364895833333,0.0085546111154,0.345805655538,0.000167555739261,0.0036451093252,0.00872216685467,0.349450764863,2.63187813064,1.5
0.00364895833333,0.00353125,0.00872216685467,0.349450764863,0.000160992101881,0.00358643463627,0.00888315895655,0.353037199499,2.5907550236,1.5
0.00353125,0.00364895833333,0.00888315895655,0.353037199499,0.000166140226915,0.00358631723931,0.00904929918346,0.356623516738,2.63187813064,1.5625
0.00376666666667,0.00364895833333,0.00904929918346,0.356623516738,0.000166270531451,0.00370402265713,0.00921556971491,0.360327539396,2.5907550236,1.5625
0.00364895833333,0.00364895833333,0.00921556971491,0.360327539396,0.000164939478829,0.0036452286467,0.00938050919374,0.363972768042,2.5907550236,1.5625
0.00364895833333,0.00364895833333,0.00938050919374,0.363972768042,0.000164939478829,0.0036452286467,0.00954544867257,0.367617996689,2.5907550236,1.5625
0.00353125,0.00376666666667,0.00954544867257,0.367617996689,0.000172787995789,0.00364498812607,0.00971823666836,0.371262984815,2.67300119532,1.625
0.00364895833333,0.00364895833333,0.00971823666836,0.371262984815,0.000170171910682,0.00364498812607,0.00988840857904,0.374907972941,2.67300119532,1.625
0.00353125,0.00364895833333,0.00988840857904,0.374907972941,0.000171288006955,0.00358607690319,0.010059696586,0.378494049844,2.71412430237,1.625
0.00353125,0.003884375,0.010059696586,0.378494049844,0.000187536011135,0.00370326656233,0.0102472325971,0.382197316407,2.83749345403,1.625
0.00364895833333,0.00376666666667,0.0102472325971,0.382197316407,0.000187536016612,0.00370313386907,0.0104347686137,0.385900450276,2.87861656107,1.625
0.00341354166667,0.00376666666667,0.0104347686137,0.385900450276,0.000191875475646,0.00358517753973,0.0106266440894,0.389485627815,3.00198571274,1.625
0.002471875,0.002471875,0.0106266440894,0.389485627815,0.000129453492684,0.00246848289621,0.0107560975821,0.391954110712,3.00198571274,1.625
0.00223645833333,0.00223645833333,0.0107560975821,0.391954110712,0.000117124588618,0.00223338928704,0.0108732221707,0.394187499999,3.00198571274,1.625
0.00200104166667,0.00211875,0.0108732221707,0.394187499999,0.000110092489069,0.00205699112273,0.0109833146598,0.396244491121,3.04310881978,1.625
0.00211875,0.00188333333333,0.0109833146598,0.396244491121,0.000101927091818,0.00199837037848,0.0110852417516,0.3982428615,2.96086264806,1.625
0.00200104166667,0.00188333333333,0.0110852417516,0.3982428615,9.82331472556e-05,0.00193966628355,0.0111834748988,0.400182527783,2.91973954102,1.625
0.001765625,0.001765625,0.0111834748988,0.400182527783,8.99356685993e-05,0.00176333298504,0.0112734105674,0.401945860768,2.91973954102,1.625
0.001765625,0.001765625,0.0112734105674,0.401945860768,8.99356685993e-05,0.00176333298504,0.011363346236,0.403709193753,2.91973954102,1.625
0.00153020833333,0.00153020833333,0.011363346236,0.403709193753,7.79442461194e-05,0.00152822192037,0.0114412904822,0.405237415674,2.91973954102,1.625
0.0014125,0.0014125,0.0114412904822,0.405237415674,7.19485348795e-05,0.00141066638803,0.011513239017,0.406648082062,2.91973954102,1.625
0.0014125,0.0014125,0.011513239017,0.406648082062,7.19485348795e-05,0.00141066638803,0.0115851875519,0.40805874845,2.91973954102,1.625
0.00117708333333,0.00117708333333,0.0115851875519,0.40805874845,5.99571123996e-05,0.00117555532336,0.0116451446643,0.409234303773,2.91973954102,1.625
0.001059375,0.001059375,0.0116451446643,0.409234303773,5.39614011596e-05,0.00105799979103,0.0116991060655,0.410292303564,2.91973954102,1.625
0.000941666666667,0.001059375,0.0116991060655,0.410292303564,5.20392786532e-05,0.00099918518924,0.0117511453441,0.411291488754,2.96086264806,1.625
0.000941666666667,0.000823958333333,0.0117511453441,0.411291488754,4.46514305707e-05,0.000881666492521,0.0117957967747,0.412173155246,2.91973954102,1.625
0.00070625,0.000823958333333,0.0117957967747,0.412173155246,3.97947424995e-05,0.000764082791772,0.0118355915172,0.412937238038,2.96086264806,1.625
0.000588541666667,0.000588541666667,0.0118355915172,0.412937238038,3.04004162288e-05,0.000587755993671,0.0118659919334,0.413524994032,2.96086264806,1.625
0.000588541666667,0.000588541666667,0.0118659919334,0.413524994032,3.04004162288e-05,0.000587755993671,0.0118963923497,0.414112750025,2.96086264806,1.625
0.000470833333333,0.000470833333333,0.0118963923497,0.414112750025,2.43203329831e-05,0.000470204794937,0.0119207126826,0.41458295482,2.96086264806,1.625
0.000470833333333,0.000353125,0.0119207126826,0.41458295482,2.08373342663e-05,0.000411444363177,0.0119415500169,0.414994399183,2.91973954102,1.625
0.000235416666667,0.000353125,0.0119415500169,0.414994399183,1.53056701921e-05,0.000293877996835,0.0119568556871,0.41528827718,2.96086264806,1.625
0.000117708333333,0.000117708333333,0.0119568556871,0.41528827718,6.08008324577e-06,0.000117551198734,0.0119629357703,0.415405828379,2.96086264806,1.625
0.000117708333333,0.0,0.0119629357703,0.415405828379,2.97676203805e-06,5.87777661681e-05,0.0119659125324,0.415464606145,2.91973954102,1.625
0.000117708333333,0.0,0.0119659125324,0.415464606145,2.93457372681e-06,5.87799026902e-05,0.0119688471061,0.415523386048,2.87861643397,1.625
0.0,0.0,0.0119688471061,0.415523386048,0.0,0.0,0.0119688471061,0.415523386048,2.87861643397,1.625
0.0,0.0,0.0119688471061,0.415523386048,0.0,0.0,0.0119688471061,0.415523386048,2.87861643397,1.625
0.0,0.0,0.0119688471061,0.415523386048,0.0,0.0,0.0119688471061,0.415523386048,2.87861643397,1.625
0.0,0.0,0.0119688471061,0.415523386048,0.0,0.0,0.0119688471061,0.415523386048,2.87861643397,1.625
0.0,0.0,0.0119688471061,0.415523386048,0.0,0.0,0.0119688471061,0.415523386048,2.87861643397,1.625
0.0,0.0,0.0119688471061,0.415523386048,0.0,0.0,0.0119688471061,0.415523386048,2.87861643397,1.625
0.0,0.0,0.0119688471061,0.415523386048,0.0,0.0,0.0119688471061,0.415523386048,2.87861643397,1.625
0.0,0.0,0.0119688471061,0.415523386048,0.0,0.0,0.0119688471061,0.415523386048,2.87861643397,1.625
0.0,0.0,0.0119688471061,0.415523386048,0.0,0.0,0.0119688471061,0.415523386048,2.87861643397,1.625
0.0,0.0,0.0119688471061,0.415523386048,0.0,0.0,0.0119688471061,0.415523386048,2.87861643397,1.625
0.0,0.0,0.0119688471061,0.415523386048,0.0,0.0,0.0119688471061,0.415523386048,2.87861643397,1.625
0.0,0.0,0.0119688471061,0.415523386048,0.0,0.0,0.0119688471061,0.415523386048,2.87861643397,1.625
0.0,0.0,0.0119688471061,0.415523386048,0.0,0.0,0.0119688471061,0.415523386048,2.87861643397,1.625
