deltaR,deltaL,prevx,prevy,dx,dy,x,y,degrees,gyro
0.0,0.0,0,0,0.0,0.0,0.0,0.0,0.0,0.0
0.000117708333333,0.000235416666667,0.0,0.0,1.90087225799e-07,0.000176562454523,1.90087225799e-07,0.000176562454523,0.0411231070454,0.0
0.000235416666667,0.000353125,1.90087225799e-07,0.000176562454523,5.28019890326e-07,0.000294270530151,7.18107116125e-07,0.000470832984674,0.0822462140908,0.0
0.000470833333333,0.000588541666667,7.18107116125e-07,0.000470832984674,1.33060943817e-06,0.000529686272112,2.0487165543e-06,0.00100051925679,0.123369321136,0.0
0.00070625,0.00070625,2.0487165543e-06,0.00100051925679,1.52069692509e-06,0.000706248362816,3.56941347939e-06,0.0017067676196,0.123369321136,0.0
0.00070625,0.000588541666667,3.56941347939e-06,0.0017067676196,6.96986494595e-07,0.000647395166332,4.26639997398e-06,0.00235416278593,0.0822462140908,0.0625
0.000823958333333,0.000823958333333,4.26639997398e-06,0.00235416278593,1.18276478282e-06,0.000823957484423,5.4491647568e-06,0.00317812027036,0.0822462140908,0.125
0.000941666666667,0.000823958333333,5.4491647568e-06,0.00317812027036,3.16812097399e-07,0.000882812272613,5.7659768542e-06,0.00406093254297,0.0411231070454,0.0
0.001059375,0.001059375,5.7659768542e-06,0.00406093254297,7.60348984797e-07,0.00105937472714,6.526325839e-06,0.00512030727011,0.0411231070454,0.0
0.00117708333333,0.00129479166667,6.526325839e-06,0.00512030727011,2.21768353937e-06,0.00123593622663,8.74400937837e-06,0.00635624349674,0.0822462140908,0.0
0.00129479166667,0.0014125,8.74400937837e-06,0.00635624349674,3.40044634199e-06,0.0013536426954,1.21444557204e-05,0.00770988619214,0.123369321136,0.0
0.0014125,0.0014125,1.21444557204e-05,0.00770988619214,3.04139385019e-06,0.00141249672563,1.51858495705e-05,0.00912238291777,0.123369321136,0.0
0.0014125,0.00153020833333,1.51858495705e-05,0.00912238291777,4.75217330083e-06,0.00147134810303,1.99380228714e-05,0.0105937310208,0.164492428182,0.0625
0.00153020833333,0.00153020833333,1.99380228714e-05,0.0105937310208,4.39312181001e-06,0.00153020202715,2.43311446814e-05,0.0121239330479,0.164492428182,0.0625
0.00164791666667,0.00164791666667,2.43311446814e-05,0.0121239330479,4.73105425693e-06,0.00164790987539,2.90621989383e-05,0.0137718429233,0.164492428182,0.0
0.001765625,0.001765625,2.90621989383e-05,0.0137718429233,5.06898670386e-06,0.00176561772363,3.41311856422e-05,0.015537460647,0.164492428182,0.0625
0.001765625,0.00188333333333,3.41311856422e-05,0.015537460647,7.20217646347e-06,0.00182446741837,4.13333621056e-05,0.0173619280653,0.205615535227,0.0
0.00188333333333,0.00188333333333,4.13333621056e-05,0.0173619280653,6.75864371598e-06,0.00188332120606,4.80920058216e-05,0.0192452492714,0.205615535227,0.0
0.00188333333333,0.00200104166667,4.80920058216e-05,0.0192452492714,9.06079331239e-06,0.001942169491,5.7152799134e-05,0.0211874187624,0.246738642272,0.0
0.00188333333333,0.00211875,5.7152799134e-05,0.0211874187624,1.29258417397e-05,0.00200100868054,7.00786408738e-05,0.0231884274429,0.328984813995,0.0
0.00200104166667,0.00211875,7.00786408738e-05,0.0231884274429,1.4045226265e-05,0.00205985285741,8.41238671388e-05,0.0252482803003,0.37010792104,0.0
0.00211875,0.00211875,8.41238671388e-05,0.0252482803003,1.36861861548e-05,0.00211870579619,9.78100532936e-05,0.0273669860965,0.37010792104,0.0
0.00211875,0.00211875,9.78100532936e-05,0.0273669860965,1.36861861548e-05,0.00211870579619,0.000111496239448,0.0294856918927,0.37010792104,0.0
0.00211875,0.00223645833333,0.000111496239448,0.0294856918927,1.6410710047e-05,0.0021775480782,0.000127906949495,0.0316632399709,0.411231028086,0.0
0.00223645833333,0.00235416666667,0.000127906949495,0.0316632399709,1.8945147018e-05,0.00229524096453,0.000146852096513,0.0339584809354,0.452354135131,0.0
0.00211875,0.00235416666667,0.000146852096513,0.0339584809354,2.24721562919e-05,0.00223636098225,0.000169324252805,0.0361948419177,0.534600306854,0.0
0.00235416666667,0.00235416666667,0.000169324252805,0.0361948419177,2.19653170269e-05,0.00235406419184,0.000191289569832,0.0385489061095,0.534600306854,0.0
0.00223645833333,0.002471875,0.000191289569832,0.0385489061095,2.70340325988e-05,0.00235403023602,0.000218323602431,0.0409029363455,0.616846478576,0.0
0.00235416666667,0.00235416666667,0.000218323602431,0.0409029363455,2.53444735073e-05,0.00235403023602,0.000243668075938,0.0432569665816,0.616846478576,0.0
0.00235416666667,0.002471875,0.000243668075938,0.0432569665816,2.85757784891e-05,0.00241286172509,0.000272243854427,0.0456698283067,0.657969585621,0.0
0.002471875,0.002471875,0.000272243854427,0.0456698283067,2.83857351426e-05,0.00247171201107,0.00030062958957,0.0481415403177,0.657969585621,0.0
0.002471875,0.002471875,0.00030062958957,0.0481415403177,2.83857351426e-05,0.00247171201107,0.000329015324713,0.0506132523288,0.657969585621,0.0
0.002471875,0.00258958333333,0.000329015324713,0.0506132523288,3.17859730551e-05,0.00253054078677,0.000360801297768,0.0531437931156,0.699092692667,0.0
0.00235416666667,0.002471875,0.000360801297768,0.0531437931156,3.20393173055e-05,0.00241281946254,0.000392840615073,0.0555566125781,0.740215799712,0.0625
0.002471875,0.002471875,0.000392840615073,0.0555566125781,3.19337662805e-05,0.00247166871773,0.000424774381354,0.0580282812958,0.740215799712,0.0625
0.00258958333333,0.00258958333333,0.000424774381354,0.0580282812958,3.34544218177e-05,0.0025893672281,0.000458228803172,0.0606176485239,0.740215799712,0.0625
0.002471875,0.002471875,0.000458228803172,0.0606176485239,3.19337662805e-05,0.00247166871773,0.000490162569452,0.0630893172417,0.740215799712,0.0625
0.00258958333333,0.00258958333333,0.000490162569452,0.0630893172417,3.34544218177e-05,0.0025893672281,0.00052361699127,0.0656786844698,0.740215799712,0.0625
0.00258958333333,0.00258958333333,0.00052361699127,0.0656786844698,3.34544218177e-05,0.0025893672281,0.000557071413087,0.0682680516979,0.740215799712,0.0625
0.00258958333333,0.002471875,0.000557071413087,0.0682680516979,2.99697189032e-05,0.00253054078677,0.000587041131991,0.0707985924846,0.699092692667,0.0625
0.002471875,0.00270729166667,0.000587041131991,0.0707985924846,3.71713350122e-05,0.00258934254982,0.000624212467003,0.0733879350345,0.781338864389,0.125
0.00258958333333,0.00258958333333,0.000624212467003,0.0733879350345,3.53128870318e-05,0.00258934254982,0.000659525354035,0.0759772775843,0.781338864389,0.125
0.00258958333333,0.00270729166667,0.000659525354035,0.0759772775843,3.89664749839e-05,0.00264816464076,0.000698491829019,0.078625442225,0.822461971435,0.125
0.00258958333333,0.00270729166667,0.000698491829019,0.078625442225,4.08671316548e-05,0.00264813667321,0.000739358960673,0.0812735788982,0.86358507848,0.125
0.002825,0.00294270833333,0.000739358960673,0.0812735788982,4.65693465865e-05,0.00288349466074,0.00078592830726,0.084157073559,0.904708185526,0.125
0.00294270833333,0.00306041666667,0.00078592830726,0.084157073559,5.06241649752e-05,0.00300115353172,0.000836552472235,0.0871582270907,0.945831292571,0.125
0.00306041666667,0.00306041666667,0.000836552472235,0.0871582270907,5.05186666192e-05,0.0030599996794,0.000887071138854,0.0902182267701,0.945831292571,0.1875
0.00306041666667,0.00306041666667,0.000887071138854,0.0902182267701,5.05186666192e-05,0.0030599996794,0.000937589805474,0.0932782264495,0.945831292571,0.1875
0.00294270833333,0.003178125,0.000937589805474,0.0932782264495,5.71073349348e-05,0.00305992400891,0.000994697140408,0.0963381504584,1.02807746429,0.1875
0.00306041666667,0.00306041666667,0.000994697140408,0.0963381504584,5.49111400728e-05,0.00305992400891,0.00104960828048,0.0993980744673,1.02807746429,0.1875
0.00306041666667,0.003178125,0.00104960828048,0.0993980744673,5.93247581613e-05,0.0031187277286,0.00110893303864,0.102516802196,1.06920057134,0.1875
0.00306041666667,0.00306041666667,0.00110893303864,0.102516802196,5.71073360662e-05,0.0030598838092,0.00116604037471,0.105576686005,1.06920057134,0.25
0.00306041666667,0.003178125,0.00116604037471,0.105576686005,6.15631432844e-05,0.00311868514923,0.00122760351799,0.108695371154,1.11032367838,0.3125
0.003178125,0.00306041666667,0.00122760351799,0.108695371154,5.70863424775e-05,0.0031187277286,0.00128468986047,0.111814098883,1.06920057134,0.3125
0.00306041666667,0.003178125,0.00128468986047,0.111814098883,6.15631432844e-05,0.00311868514923,0.00134625300376,0.114932784032,1.11032367838,0.3125
0.003178125,0.00306041666667,0.00134625300376,0.114932784032,5.70863424775e-05,0.0031187277286,0.00140333934623,0.118051511761,1.06920057134,0.3125
0.00329583333333,0.00329583333333,0.00140333934623,0.118051511761,6.15002080712e-05,0.00329525948683,0.0014648395543,0.121346771248,1.06920057134,-359.625
0.00353125,0.00353125,0.0014648395543,0.121346771248,6.58930800763e-05,0.00353063516446,0.00153073263438,0.124877406412,1.06920057134,-359.625
0.00364895833333,0.00364895833333,0.00153073263438,0.124877406412,6.80895160789e-05,0.00364832300327,0.00159882215046,0.128525729415,1.06920057134,-359.625
0.00353125,0.00364895833333,0.00159882215046,0.128525729415,7.08556932142e-05,0.00358943007742,0.00166967784367,0.132115159493,1.11032367838,-359.5625
0.00353125,0.00353125,0.00166967784367,0.132115159493,6.84271184321e-05,0.00353058696139,0.00173810496211,0.135645746454,1.11032367838,-359.5625
0.00353125,0.00364895833333,0.00173810496211,0.135645746454,7.34319112891e-05,0.00358937922191,0.00181153687339,0.139235125676,1.15144678543,-359.5625
0.00353125,0.00364895833333,0.00181153687339,0.139235125676,7.60080915363e-05,0.00358932651735,0.00188754496493,0.142824452193,1.19256989248,-359.5
0.00364895833333,0.00364895833333,0.00188754496493,0.142824452193,7.59449243589e-05,0.00364816793567,0.00196348988929,0.146472620129,1.19256989248,-359.5
0.00353125,0.00364895833333,0.00196348988929,0.146472620129,7.85842326285e-05,0.00358927196379,0.00204207412192,0.150061892093,1.23369299952,-359.5
0.00341354166667,0.00364895833333,0.00204207412192,0.150061892093,8.36305587209e-05,0.00353031866539,0.00212570468064,0.153592210758,1.31593917124,-359.4375
0.00353125,0.00364895833333,0.00212570468064,0.153592210758,8.63124050509e-05,0.00358909720939,0.00221201708569,0.157181307968,1.35706227829,-359.4375
0.00353125,0.00353125,0.00221201708569,0.157181307968,8.36305600262e-05,0.00353025955022,0.00229564764572,0.160711567518,1.35706227829,-359.4375
0.00364895833333,0.00364895833333,0.00229564764572,0.160711567518,8.64182453604e-05,0.00364793486856,0.00238206589108,0.164359502386,1.35706227829,-359.4375
0.00353125,0.00353125,0.00238206589108,0.164359502386,8.36305600262e-05,0.00353025955022,0.0024656964511,0.167889761937,1.35706227829,-359.4375
0.00364895833333,0.00364895833333,0.0024656964511,0.167889761937,8.64182453604e-05,0.00364793486856,0.00255211469646,0.171537696805,1.35706227829,-359.375
0.00353125,0.00353125,0.00255211469646,0.171537696805,8.36305600262e-05,0.00353025955022,0.00263574525649,0.175067956355,1.35706227829,-359.375
0.00364895833333,0.00353125,0.00263574525649,0.175067956355,8.11603305846e-05,0.00358915730981,0.00271690558707,0.178657113665,1.31593917124,-359.375
0.00376666666667,0.003884375,0.00271690558707,0.178657113665,9.19722348903e-05,0.00382444784607,0.00280887782196,0.182481561511,1.35706227829,-359.375
0.00376666666667,0.003884375,0.00280887782196,0.182481561511,9.47171222367e-05,0.00382438183451,0.0029035949442,0.186305943346,1.39818538533,-359.375
0.00376666666667,0.003884375,0.0029035949442,0.186305943346,9.74619607904e-05,0.00382431385285,0.00300105690499,0.190130257199,1.43930849238,-359.3125
0.00376666666667,0.003884375,0.00300105690499,0.190130257199,0.000100206749137,0.00382424390112,0.00310126365413,0.1939545011,1.48043159942,-359.3125
0.00376666666667,0.003884375,0.00310126365413,0.1939545011,0.000102951485864,0.00382417197937,0.00320421513999,0.197778673079,1.52155470647,-359.3125
0.00376666666667,0.003884375,0.00320421513999,0.197778673079,0.000105696169555,0.00382409808763,0.00330991130955,0.201602771167,1.56267781352,-359.3125
0.00376666666667,0.003884375,0.00330991130955,0.201602771167,0.000108440798799,0.00382402222594,0.00341835210835,0.205426793393,1.60380092056,-359.25
0.00364895833333,0.00400208333333,0.00341835210835,0.205426793393,0.000119418726045,0.00382378282189,0.00353777083439,0.209250576215,1.72717007222,-359.1875
0.00364895833333,0.003884375,0.00353777083439,0.209250576215,0.000121634665982,0.00376478854897,0.00365940550037,0.213015364764,1.80941624395,-359.1875
0.00376666666667,0.003884375,0.00365940550037,0.213015364764,0.000124907337528,0.00382352568952,0.0037843128379,0.216838890453,1.85053935099,-359.25
0.00364895833333,0.003884375,0.0037843128379,0.216838890453,0.000129740534983,0.00376452373624,0.00391405337288,0.220603414189,1.93278552271,-359.1875
0.003884375,0.00376666666667,0.00391405337288,0.220603414189,0.000124907334701,0.00382343603942,0.00403896070759,0.224426850229,1.89166241567,-359.1875
0.00376666666667,0.00376666666667,0.00403896070759,0.224426850229,0.000124336686367,0.0037646139465,0.00416329739395,0.228191464175,1.89166241567,-359.1875
0.00376666666667,0.00376666666667,0.00416329739395,0.228191464175,0.000124336686367,0.0037646139465,0.00428763408032,0.231956078122,1.89166241567,-359.1875
0.00376666666667,0.003884375,0.00428763408032,0.231956078122,0.000130395685977,0.00382334441961,0.0044180297663,0.235779422541,1.93278552271,-359.1875
0.00376666666667,0.00376666666667,0.0044180297663,0.235779422541,0.000127038644092,0.00376452373624,0.00454506841039,0.239543946278,1.93278552271,-359.1875
0.00364895833333,0.003884375,0.00454506841039,0.239543946278,0.000135144114868,0.00376433749806,0.00468021252526,0.243308283776,2.01503169444,-359.125
0.00364895833333,0.00376666666667,0.00468021252526,0.243308283776,0.000134362234963,0.00370542519718,0.00481457476022,0.247013708973,2.05615480148,-359.125
0.00353125,0.003884375,0.00481457476022,0.247013708973,0.000144999545352,0.00370513016247,0.00495957430557,0.250718839135,2.17952395314,-359.125
0.00364895833333,0.00376666666667,0.00495957430557,0.250718839135,0.000144999550831,0.00370502800003,0.0051045738564,0.254423867135,2.22064706019,-359.125
0.00364895833333,0.003884375,0.0051045738564,0.254423867135,0.000154054374254,0.0037636245836,0.00525862823066,0.258187491719,2.30289323191,-359.0625
0.00364895833333,0.00376666666667,0.00525862823066,0.258187491719,0.000152976763708,0.00370471006137,0.00541160499437,0.26189220178,2.34401633896,-359.0625
0.00353125,0.00376666666667,0.00541160499437,0.26189220178,0.000157090186383,0.00364568715425,0.00556869518075,0.265537888935,2.42626251068,-359.0625
0.00364895833333,0.00376666666667,0.00556869518075,0.265537888935,0.000160953267343,0.00370437494668,0.00572964844809,0.269242263881,2.46738561773,-359.0625
0.00364895833333,0.00376666666667,0.00572964844809,0.269242263881,0.0001636119388,0.00370425942511,0.00589326038689,0.272946523306,2.50850872477,-359.0
0.00364895833333,0.00376666666667,0.00589326038689,0.272946523306,0.000166270525973,0.00370414199532,0.00605953091286,0.276650665302,2.54963183182,-359.0
0.00364895833333,0.00376666666667,0.00605953091286,0.276650665302,0.000168929027494,0.00370402265738,0.00622845994036,0.280354687959,2.59075493886,-359.0
0.00364895833333,0.00376666666667,0.00622845994036,0.280354687959,0.000171587441992,0.00370390141134,0.00640004738235,0.28405858937,2.63187804591,-359.0
0.00364895833333,0.00364895833333,0.00640004738235,0.28405858937,0.00016755573387,0.00364510932545,0.00656760311622,0.287703698696,2.63187804591,-359.0
0.00376666666667,0.00376666666667,0.00656760311622,0.287703698696,0.000172960757543,0.00376269349723,0.00674056387376,0.291466392193,2.63187804591,-358.9375
0.00364895833333,0.00364895833333,0.00674056387376,0.291466392193,0.00016755573387,0.00364510932545,0.00690811960763,0.295111501519,2.63187804591,-358.9375
0.00376666666667,0.00376666666667,0.00690811960763,0.295111501519,0.000172960757543,0.00376269349723,0.00708108036518,0.298874195016,2.63187804591,-358.875
0.00353125,0.00376666666667,0.00708108036518,0.298874195016,0.000175403987843,0.0036448650494,0.00725648435302,0.302519060065,2.71412421763,-358.875
0.00364895833333,0.00376666666667,0.00725648435302,0.302519060065,0.00017956214692,0.00370352622541,0.00743604649994,0.306222586291,2.75524732468,-358.875
0.00364895833333,0.00376666666667,0.00743604649994,0.306222586291,0.000182220199635,0.00370339734762,0.00761826669957,0.309925983638,2.79637043172,-358.875
0.00364895833333,0.00376666666667,0.00761826669957,0.309925983638,0.000184878158481,0.00370326656206,0.00780314485806,0.3136292502,2.83749353877,-358.8125
0.00364895833333,0.00376666666667,0.00780314485806,0.3136292502,0.000187536022088,0.0037031338688,0.00799068088014,0.317332384069,2.87861664581,-358.8125
0.00364895833333,0.00376666666667,0.00799068088014,0.317332384069,0.000190193789088,0.00370299926789,0.00818087466923,0.321035383337,2.91973975286,-358.8125
0.00364895833333,0.00364895833333,0.00818087466923,0.321035383337,0.000185867061913,0.00364422150173,0.00836674173114,0.324679604839,2.91973975286,-358.8125
0.00353125,0.00364895833333,0.00836674173114,0.324679604839,0.0001867291896,0.00358531156071,0.00855347092074,0.328264916399,2.9608628599,-358.75
0.00364895833333,0.00376666666667,0.00855347092074,0.328264916399,0.000195509027788,0.00370272434345,0.00874897994853,0.331967640743,3.00198596695,-358.75
0.00376666666667,0.00376666666667,0.00874897994853,0.331967640743,0.000197262481731,0.00376149774572,0.00894624243026,0.335729138489,3.00198596695,-358.6875
0.00364895833333,0.00353125,0.00894624243026,0.335729138489,0.000184155891022,0.00358531156071,0.00913039832129,0.339314450049,2.9608628599,-358.6875
0.00376666666667,0.00364895833333,0.00913039832129,0.339314450049,0.000187536022088,0.00370299926789,0.00931793434337,0.343017449317,2.91973975286,-358.6875
0.00364895833333,0.00364895833333,0.00931793434337,0.343017449317,0.000185867061913,0.00364422150173,0.00950380140529,0.346661670819,2.91973975286,-358.625
0.00364895833333,0.00364895833333,0.00950380140529,0.346661670819,0.000185867061913,0.00364422150173,0.0096896684672,0.350305892321,2.91973975286,-358.625
0.00364895833333,0.00364895833333,0.0096896684672,0.350305892321,0.000185867061913,0.00364422150173,0.00987553552911,0.353950113822,2.91973975286,-358.625
0.00364895833333,0.00376666666667,0.00987553552911,0.353950113822,0.000192851458111,0.00370286275942,0.0100683869872,0.357652976582,2.9608628599,-358.5625
0.00364895833333,0.00364895833333,0.0100683869872,0.357652976582,0.000188482594092,0.00364408716006,0.0102568695813,0.361297063742,2.9608628599,-358.5625
0.00364895833333,0.00364895833333,0.0102568695813,0.361297063742,0.000188482594092,0.00364408716006,0.0104453521754,0.364941150902,2.9608628599,-358.5625
0.00364895833333,0.00376666666667,0.0104453521754,0.364941150902,0.000195509027788,0.00370272434345,0.0106408612032,0.368643875245,3.00198596695,-358.5625
0.00364895833333,0.00376666666667,0.0106408612032,0.368643875245,0.000198166496751,0.00370258402005,0.0108390276999,0.372346459265,3.04310907399,-358.5625
0.00364895833333,0.00376666666667,0.0108390276999,0.372346459265,0.000200823863629,0.00370244178929,0.0110398515636,0.376048901055,3.08423218104,-358.5
0.00364895833333,0.00364895833333,0.0110398515636,0.376048901055,0.000196328602671,0.003643672872,0.0112361801662,0.379692573927,3.08423218104,-358.5
0.00353125,0.00364895833333,0.0112361801662,0.379692573927,0.000197021408736,0.00358476439249,0.011433201575,0.383277338319,3.12535528808,-358.5
0.00364895833333,0.00376666666667,0.011433201575,0.383277338319,0.00020613828566,0.00370215160602,0.0116393398606,0.386979489925,3.16647839513,-358.5
0.00376666666667,0.00364895833333,0.0116393398606,0.386979489925,0.000200823863629,0.00370229765126,0.0118401637243,0.390681787577,3.12535528808,-358.5
0.00364895833333,0.00364895833333,0.0118401637243,0.390681787577,0.000198943738386,0.00364353102187,0.0120391074627,0.394325318598,3.12535528808,-358.5
0.00364895833333,0.00364895833333,0.0120391074627,0.394325318598,0.000198943738386,0.00364353102187,0.012238051201,0.39796884962,3.12535528808,-358.4375
0.00364895833333,0.00364895833333,0.012238051201,0.39796884962,0.000198943738386,0.00364353102187,0.0124369949394,0.401612380642,3.12535528808,-358.4375
0.00364895833333,0.00364895833333,0.0124369949394,0.401612380642,0.000198943738386,0.00364353102187,0.0126359386778,0.405255911664,3.12535528808,-358.4375
0.00364895833333,0.00376666666667,0.0126359386778,0.405255911664,0.00020613828566,0.00370215160602,0.0128420769635,0.40895806327,3.16647839513,-358.4375
0.00364895833333,0.00364895833333,0.0128420769635,0.40895806327,0.000201558771616,0.00364338729481,0.0130436357351,0.412601450565,3.16647839513,-358.375
0.00353125,0.00376666666667,0.0130436357351,0.412601450565,0.000209403238892,0.00364309421033,0.013253038974,0.416244544775,3.24872456685,-358.375
0.00353125,0.00364895833333,0.013253038974,0.416244544775,0.000207312001321,0.00358418767787,0.0134603509753,0.419828732453,3.2898476739,-358.375
0.00364895833333,0.00376666666667,0.0134603509753,0.419828732453,0.000216765841749,0.00370154835466,0.0136771168171,0.423530280808,3.33097078094,-358.375
0.00353125,0.00376666666667,0.0136771168171,0.423530280808,0.000219861014792,0.00364248552135,0.0138969778318,0.427172766329,3.41321695267,-358.375
0.00364895833333,0.00364895833333,0.0138969778318,0.427172766329,0.000217246738012,0.00364248552135,0.0141142245699,0.43081525185,3.41321695267,-358.3125
0.00341354166667,0.00364895833333,0.0141142245699,0.43081525185,0.000217828284411,0.00352468056605,0.0143320528543,0.434339932416,3.49546312439,-358.3125
0.00353125,0.00364895833333,0.0143320528543,0.434339932416,0.000222744658524,0.00358326721672,0.0145547975128,0.437923199633,3.53658623143,-358.3125
0.00353125,0.00376666666667,0.0145547975128,0.437923199633,0.00023293067421,0.00364168244201,0.014787728187,0.441564882075,3.61883240316,-358.3125
0.00353125,0.00364895833333,0.014787728187,0.441564882075,0.000230459455956,0.00358278206557,0.015018187643,0.445147664141,3.6599555102,-358.3125
0.00364895833333,0.00364895833333,0.015018187643,0.445147664141,0.000232930675556,0.00364151619779,0.0152511183185,0.448789180339,3.6599555102,-358.3125
0.00353125,0.00353125,0.0152511183185,0.448789180339,0.000225416782796,0.00352404793335,0.0154765351013,0.452313228272,3.6599555102,-358.3125
0.00364895833333,0.00364895833333,0.0154765351013,0.452313228272,0.000232930675556,0.00364151619779,0.0157094657769,0.45595474447,3.6599555102,-358.3125
0.00353125,0.00364895833333,0.0157094657769,0.45595474447,0.000233030820311,0.00358261665708,0.0159424965972,0.459537361127,3.70107861725,-358.3125
0.00364895833333,0.00376666666667,0.0159424965972,0.459537361127,0.000243326722479,0.0036999067605,0.0161858233197,0.463237267887,3.74220172429,-358.3125
0.00353125,0.00364895833333,0.0161858233197,0.463237267887,0.000238173187565,0.00358228030351,0.0164239965072,0.466819548191,3.78332483134,-358.3125
0.00353125,0.00364895833333,0.0164239965072,0.466819548191,0.000240744187815,0.00358210935861,0.016664740695,0.470401657549,3.82444793838,-358.25
0.00353125,0.00364895833333,0.016664740695,0.470401657549,0.000243315064047,0.00358193656841,0.0169080557591,0.473983594118,3.86557104543,-358.25
0.00341354166667,0.00376666666667,0.0169080557591,0.473983594118,0.000253597286429,0.00358140712771,0.0171616530455,0.477565001245,3.98894019709,-358.25
0.00353125,0.00364895833333,0.0171616530455,0.477565001245,0.000253597291725,0.00358122695725,0.0174152503372,0.481146228203,4.03006330414,-358.25
0.00353125,0.00376666666667,0.0174152503372,0.481146228203,0.000264285296691,0.00363956372279,0.0176795356339,0.484785791926,4.11230947586,-358.25
0.00353125,0.00364895833333,0.0176795356339,0.484785791926,0.000261307600712,0.00358067537741,0.0179408432346,0.488366467303,4.1534325829,-358.25
0.00341354166667,0.00364895833333,0.0179408432346,0.488366467303,0.000263342884434,0.0035216050177,0.0182041861191,0.491888072321,4.23567875463,-358.25
0.002471875,0.002471875,0.0182041861191,0.491888072321,0.000182570765178,0.00246512351239,0.0183867568842,0.494353195833,4.23567875463,-358.25
0.00223645833333,0.00223645833333,0.0183867568842,0.494353195833,0.000165183073256,0.00223034984454,0.0185519399575,0.496583545678,4.23567875463,-358.25
0.00211875,0.00211875,0.0185519399575,0.496583545678,0.000156489227296,0.00211296301062,0.0187084291848,0.498696508688,4.23567875463,-358.25
0.00188333333333,0.00200104166667,0.0187084291848,0.498696508688,0.00014553362362,0.00193677930308,0.0188539628084,0.500633287991,4.27680186167,-358.25
0.00188333333333,0.001765625,0.0188539628084,0.500633287991,0.000134101647035,0.00181949592581,0.0189880644555,0.502452783917,4.23567875463,-358.25
0.00188333333333,0.001765625,0.0189880644555,0.502452783917,0.00013279566459,0.00181959217507,0.01912086012,0.504272376092,4.19455564758,-358.25
0.001765625,0.00164791666667,0.01912086012,0.504272376092,0.000123006412851,0.00170228829427,0.0192438665329,0.505974664386,4.15343254054,-358.25
0.00164791666667,0.00153020833333,0.0192438665329,0.505974664386,0.000113385624807,0.00158497129872,0.0193572521577,0.507559635685,4.11230943349,-358.25
0.00153020833333,0.0014125,0.0193572521577,0.507559635685,0.00010393331411,0.00146764136981,0.0194611854718,0.509027277055,4.07118632644,-358.25
0.0014125,0.00129479166667,0.0194611854718,0.509027277055,9.46494942406e-05,0.00135029868894,0.0195558349661,0.510377575744,4.0300632194,-358.25
0.00117708333333,0.00117708333333,0.0195558349661,0.510377575744,8.27252849886e-05,0.00117417277299,0.019638560251,0.511551748517,4.0300632194,-358.25
0.001059375,0.00117708333333,0.019638560251,0.511551748517,7.97898841231e-05,0.00111540744105,0.0197183501352,0.512667155958,4.07118632644,-358.25
0.000941666666667,0.000941666666667,0.0197183501352,0.512667155958,6.68544055036e-05,0.000939290476677,0.0197852045407,0.513606446435,4.07118632644,-358.25
0.000941666666667,0.000823958333333,0.0197852045407,0.513606446435,6.17279310265e-05,0.000880629579744,0.0198469324717,0.514487076014,4.0300632194,-358.25
0.00070625,0.000823958333333,0.0198469324717,0.514487076014,5.45930786105e-05,0.0007631735123,0.0199015255503,0.515250249527,4.07118632644,-358.25
0.000588541666667,0.000588541666667,0.0199015255503,0.515250249527,4.17840034397e-05,0.000587056547923,0.0199433095537,0.515837306075,4.07118632644,-358.25
0.000588541666667,0.000588541666667,0.0199433095537,0.515837306075,4.17840034397e-05,0.000587056547923,0.0199850935572,0.516424362622,4.07118632644,-358.25
0.000353125,0.000470833333333,0.0199850935572,0.516424362622,2.96912031019e-05,0.000410918484853,0.0200147847603,0.516835281107,4.11230943349,-358.25
0.000353125,0.000353125,0.0200147847603,0.516835281107,2.53232057163e-05,0.00035221584416,0.020040107966,0.517187496951,4.11230943349,-358.25
0.000353125,0.000235416666667,0.020040107966,0.517187496951,2.0786662822e-05,0.000293528273962,0.0200608946288,0.517481025225,4.07118632644,-358.25
0.000235416666667,0.000235416666667,0.0200608946288,0.517481025225,1.67136013759e-05,0.000234822619169,0.0200776082302,0.517715847845,4.07118632644,-358.25
0.000117708333333,0.0,0.0200776082302,0.517715847845,4.11519540176e-06,5.87086386496e-05,0.0200817234256,0.517774556483,4.0300632194,-358.25
0.0,0.0,0.0200817234256,0.517774556483,0.0,0.0,0.0200817234256,0.517774556483,4.0300632194,-358.25
0.0,0.0,0.0200817234256,0.517774556483,0.0,0.0,0.0200817234256,0.517774556483,4.0300632194,-358.25
0.0,0.0,0.0200817234256,0.517774556483,0.0,0.0,0.0200817234256,0.517774556483,4.0300632194,-358.25
0.0,0.0,0.0200817234256,0.517774556483,0.0,0.0,0.0200817234256,0.517774556483,4.0300632194,-358.25
0.0,0.0,0.0200817234256,0.517774556483,0.0,0.0,0.0200817234256,0.517774556483,4.0300632194,-358.25
0.0,0.0,0.0200817234256,0.517774556483,0.0,0.0,0.0200817234256,0.517774556483,4.0300632194,-358.25
0.0,0.0,0.0200817234256,0.517774556483,0.0,0.0,0.0200817234256,0.517774556483,4.0300632194,-358.25
0.0,0.0,0.0200817234256,0.517774556483,0.0,0.0,0.0200817234256,0.517774556483,4.0300632194,-358.25
0.0,0.0,0.0200817234256,0.517774556483,0.0,0.0,0.0200817234256,0.517774556483,4.0300632194,-358.25
0.0,0.0,0.0200817234256,0.517774556483,0.0,0.0,0.0200817234256,0.517774556483,4.0300632194,-358.25
0.0,0.0,0.0200817234256,0.517774556483,0.0,0.0,0.0200817234256,0.517774556483,4.0300632194,-358.25
0.0,0.0,0.0200817234256,0.517774556483,0.0,0.0,0.0200817234256,0.517774556483,4.0300632194,-358.25
0.0,0.0,0.0200817234256,0.517774556483,0.0,0.0,0.0200817234256,0.517774556483,4.0300632194,-358.25
0.0,0.0,0.0200817234256,0.517774556483,0.0,0.0,0.0200817234256,0.517774556483,4.0300632194,-358.25
0.0,0.0,0.0200817234256,0.517774556483,0.0,0.0,0.0200817234256,0.517774556483,4.0300632194,-358.25
