deltaR,deltaL,prevx,prevy,dx,dy,x,y,degrees,gyro
0.0,0.0,0,0,0.0,0.0,0.0,0.0,0.0,0.0
0.0,0.000235416666667,0.0,0.0,2.53449356954e-07,0.000117708212061,2.53449356954e-07,0.000117708212061,0.0822461717224,0.0
0.000353125,0.000470833333333,2.53449356954e-07,0.000117708212061,1.03491814727e-06,0.000411978211644,1.28836750422e-06,0.000529686423704,0.123369278768,0.0
0.000588541666667,0.000588541666667,1.28836750422e-06,0.000529686423704,1.26724700237e-06,0.000588540302348,2.55561450659e-06,0.00111822672605,0.123369278768,0.0
0.000588541666667,0.00070625,2.55561450659e-06,0.00111822672605,2.09095577364e-06,0.000647393165333,4.64657028023e-06,0.00176561989138,0.164492385813,0.0
0.00070625,0.00070625,4.64657028023e-06,0.00176561989138,2.0275941593e-06,0.000706247089454,6.67416443953e-06,0.00247186698084,0.164492385813,0.0
0.00070625,0.00070625,6.67416443953e-06,0.00247186698084,2.0275941593e-06,0.000706247089454,8.70175859882e-06,0.00317811407029,0.164492385813,0.0625
0.001059375,0.000823958333333,8.70175859882e-06,0.00317811407029,6.7586611243e-07,0.000941665696484,9.37762471125e-06,0.00411977976678,0.0822462140908,0.0625
0.00117708333333,0.00117708333333,9.37762471125e-06,0.00411977976678,1.68966397545e-06,0.0011770821206,1.10672886867e-05,0.00529686188738,0.0822462140908,0.0
0.00117708333333,0.00129479166667,1.10672886867e-05,0.00529686188738,3.10475535573e-06,0.00123593463493,1.41720440424e-05,0.00653279652231,0.123369321136,0.0
0.00129479166667,0.00129479166667,1.41720440424e-05,0.00653279652231,2.78794436267e-06,0.00129478866516,1.69599884051e-05,0.00782758518747,0.123369321136,0.0625
0.00129479166667,0.0014125,1.69599884051e-05,0.00782758518747,4.37199943677e-06,0.00135364025478,2.13319878419e-05,0.00918122544226,0.164492428182,0.0
0.0014125,0.00153020833333,2.13319878419e-05,0.00918122544226,5.80820682538e-06,0.00147134469223,2.71401946672e-05,0.0106525701345,0.205615535227,0.0
0.00153020833333,0.00164791666667,2.71401946672e-05,0.0106525701345,7.4133763465e-06,0.00158904776536,3.45535710138e-05,0.0122416178999,0.246738642272,0.0625
0.001765625,0.001765625,3.45535710138e-05,0.0122416178999,7.60346699956e-06,0.00176560862818,4.21570380133e-05,0.014007226528,0.246738642272,0.0625
0.001765625,0.00164791666667,4.21570380133e-05,0.014007226528,5.51252102897e-06,0.00170675984299,4.76695590423e-05,0.015713986371,0.205615535227,0.0625
0.001765625,0.001765625,4.76695590423e-05,0.015713986371,6.33622848373e-06,0.00176561363068,5.4005787526e-05,0.0174796000017,0.205615535227,0.0625
0.00188333333333,0.00188333333333,5.4005787526e-05,0.0174796000017,6.75864371598e-06,0.00188332120606,6.0764431242e-05,0.0193629212078,0.205615535227,0.0625
0.00188333333333,0.00200104166667,6.0764431242e-05,0.0193629212078,9.06079331239e-06,0.001942169491,6.98252245544e-05,0.0213050906988,0.246738642272,0.0625
0.00200104166667,0.00211875,6.98252245544e-05,0.0213050906988,1.1088370096e-05,0.00205986983551,8.09135946504e-05,0.0233649605343,0.287861749318,0.0625
0.00200104166667,0.00211875,8.09135946504e-05,0.0233649605343,1.2566802179e-05,0.00205986187701,9.34803968294e-05,0.0254248224113,0.328984856363,0.0625
0.00211875,0.00211875,9.34803968294e-05,0.0254248224113,1.21655179534e-05,0.0021187150735,0.000105645914783,0.0275435374848,0.328984856363,0.0625
0.00211875,0.00211875,0.000105645914783,0.0275435374848,1.21655179534e-05,0.0021187150735,0.000117811432736,0.0296622525583,0.328984856363,0.0625
0.00211875,0.00223645833333,0.000117811432736,0.0296622525583,1.48478122333e-05,0.00217755873496,0.000132659244969,0.0318398112932,0.370107963409,0.125
0.00223645833333,0.00235416666667,0.000132659244969,0.0318398112932,1.72977771522e-05,0.00229525337971,0.000149957022122,0.034135064673,0.411231070454,0.125
0.00223645833333,0.00223645833333,0.000149957022122,0.034135064673,1.60516754638e-05,0.00223640072895,0.000166008697585,0.0363714654019,0.411231070454,0.125
0.00235416666667,0.00235416666667,0.000166008697585,0.0363714654019,1.68965004883e-05,0.00235410603047,0.000182905198074,0.0387255714324,0.411231070454,0.125
0.00223645833333,0.00235416666667,0.000182905198074,0.0387255714324,1.89451487152e-05,0.00229524096452,0.000201850346789,0.0410208123969,0.4523541775,0.125
0.00235416666667,0.00235416666667,0.000201850346789,0.0410208123969,1.85861170262e-05,0.00235409329694,0.000220436463815,0.0433749056938,0.4523541775,0.125
0.00235416666667,0.00235416666667,0.000220436463815,0.0433749056938,1.85861170262e-05,0.00235409329694,0.000239022580841,0.0457289989908,0.4523541775,0.125
0.00235416666667,0.002471875,0.000239022580841,0.0457289989908,2.16485366993e-05,0.00241293133448,0.000260671117541,0.0481419303253,0.493477284545,0.1875
0.002471875,0.00235416666667,0.000260671117541,0.0481419303253,1.81848426472e-05,0.00241294562936,0.000278855960188,0.0505548759546,0.4523541775,0.1875
0.002471875,0.002471875,0.000278855960188,0.0505548759546,1.95154228776e-05,0.00247179796179,0.000298371383065,0.0530266739164,0.4523541775,0.1875
0.002471875,0.002471875,0.000298371383065,0.0530266739164,1.95154228776e-05,0.00247179796179,0.000317886805943,0.0554984718782,0.4523541775,0.1875
0.002471875,0.002471875,0.000317886805943,0.0554984718782,1.95154228776e-05,0.00247179796179,0.00033740222882,0.05797026984,0.4523541775,0.25
0.002471875,0.002471875,0.00033740222882,0.05797026984,1.95154228776e-05,0.00247179796179,0.000356917651698,0.0604420678018,0.4523541775,0.25
0.002471875,0.002471875,0.000356917651698,0.0604420678018,1.95154228776e-05,0.00247179796179,0.000376433074576,0.0629138657636,0.4523541775,0.25
0.002471875,0.002471875,0.000376433074576,0.0629138657636,1.95154228776e-05,0.00247179796179,0.000395948497453,0.0653856637253,0.4523541775,0.25
0.00258958333333,0.00258958333333,0.000395948497453,0.0653856637253,2.04447287289e-05,0.00258950262663,0.000416393226182,0.067975166352,0.4523541775,0.3125
0.002471875,0.00258958333333,0.000416393226182,0.067975166352,2.27045628798e-05,0.00253063530202,0.000439097789062,0.070505801654,0.493477284545,0.3125
0.00258958333333,0.00258958333333,0.000439097789062,0.070505801654,2.23032963887e-05,0.00258948728579,0.00046140108545,0.0730952889398,0.493477284545,0.3125
0.002471875,0.00258958333333,0.00046140108545,0.0730952889398,2.45208731723e-05,0.00253061900619,0.000485921958623,0.075625907946,0.53460039159,0.375
0.00258958333333,0.00258958333333,0.000485921958623,0.075625907946,2.41618525592e-05,0.00258947061099,0.000510083811182,0.078215378557,0.53460039159,0.375
0.00258958333333,0.00258958333333,0.000510083811182,0.078215378557,2.41618525592e-05,0.00258947061099,0.000534245663741,0.0808048491679,0.53460039159,0.375
0.002825,0.00294270833333,0.000534245663741,0.0808048491679,3.00121249029e-05,0.00288370857977,0.000564257788644,0.0836885577477,0.575723498636,0.375
0.00294270833333,0.00294270833333,0.000564257788644,0.0836885577477,2.95686321397e-05,0.00294255977527,0.000593826420784,0.086631117523,0.575723498636,0.375
0.00294270833333,0.00306041666667,0.000593826420784,0.086631117523,3.33913070059e-05,0.00300138855086,0.00062721772779,0.0896325060738,0.616846605681,0.375
0.00306041666667,0.00306041666667,0.00062721772779,0.0896325060738,3.29478223484e-05,0.00306023930676,0.000660165550138,0.0926927453806,0.616846605681,0.375
0.00306041666667,0.003178125,0.000660165550138,0.0926927453806,3.69394278931e-05,0.00311906515675,0.000697104978031,0.0958118105373,0.657969712727,0.375
0.00306041666667,0.00306041666667,0.000697104978031,0.0958118105373,3.51442502987e-05,0.00306021487077,0.00073224922833,0.0988720254081,0.657969712727,0.375
0.00294270833333,0.00294270833333,0.00073224922833,0.0988720254081,3.37925483641e-05,0.00294251429882,0.000766041776694,0.101814539707,0.657969712727,0.375
0.00306041666667,0.00306041666667,0.000766041776694,0.101814539707,3.51442502987e-05,0.00306021487077,0.000801186026993,0.104874754578,0.657969712727,0.375
0.00306041666667,0.00306041666667,0.000801186026993,0.104874754578,3.51442502987e-05,0.00306021487077,0.000836330277291,0.107934969448,0.657969712727,0.4375
0.003178125,0.003178125,0.000836330277291,0.107934969448,3.64959522333e-05,0.00317791544272,0.000872826229525,0.111112884891,0.657969712727,0.4375
0.00306041666667,0.00306041666667,0.000872826229525,0.111112884891,3.51442502987e-05,0.00306021487077,0.000907970479823,0.114173099762,0.657969712727,0.4375
0.00306041666667,0.00306041666667,0.000907970479823,0.114173099762,3.51442502987e-05,0.00306021487077,0.000943114730122,0.117233314633,0.657969712727,0.5
0.00329583333333,0.00329583333333,0.000943114730122,0.117233314633,3.78476541678e-05,0.00329561601468,0.00098096238429,0.120528930647,0.657969712727,0.5
0.00353125,0.00364895833333,0.00098096238429,0.120528930647,4.50917371813e-05,0.00358983692998,0.00102605412147,0.124118767577,0.699092819772,0.5
0.00353125,0.00364895833333,0.00102605412147,0.124118767577,4.76682605401e-05,0.00358980456612,0.00107372238201,0.127708572144,0.740215926817,0.5
0.00353125,0.00364895833333,0.00107372238201,0.127708572144,5.0244759343e-05,0.00358977035301,0.00112396714135,0.131298342497,0.781339033863,0.5
0.00353125,0.00353125,0.00112396714135,0.131298342497,4.81539473056e-05,0.0035309216587,0.00117212108866,0.134829264155,0.781339033863,0.5625
0.00353125,0.00376666666667,0.00117212108866,0.134829264155,5.76151630498e-05,0.00364854386075,0.00122973625171,0.138477808016,0.863585205585,0.5625
0.00353125,0.00364895833333,0.00122973625171,0.138477808016,5.79740924894e-05,0.00358965661835,0.0012877103442,0.142067464634,0.904708312631,0.5625
0.00353125,0.00364895833333,0.0012877103442,0.142067464634,6.05504797962e-05,0.0035896150084,0.001348260824,0.145657079643,0.945831419676,0.625
0.00341354166667,0.00376666666667,0.001348260824,0.145657079643,7.08556879057e-05,0.00358947908386,0.0014191165119,0.149246558727,1.06920057134,0.625
0.00353125,0.00364895833333,0.0014191165119,0.149246558727,7.08556932142e-05,0.00358943007742,0.00148997220512,0.152835988804,1.11032367838,0.625
0.00353125,0.00364895833333,0.00148997220512,0.152835988804,7.34319112891e-05,0.00358937922191,0.0015634041164,0.156425368026,1.15144678543,0.6875
0.00353125,0.00364895833333,0.0015634041164,0.156425368026,7.60080915363e-05,0.00358932651735,0.00163941220794,0.160014694543,1.19256989248,0.625
0.00364895833333,0.00364895833333,0.00163941220794,0.160014694543,7.5944924359e-05,0.00364816793567,0.0017153571323,0.163662862479,1.19256989248,0.6875
0.00353125,0.00364895833333,0.0017153571323,0.163662862479,7.85842326285e-05,0.00358927196379,0.00179394136493,0.167252134443,1.23369299952,0.6875
0.00353125,0.00364895833333,0.00179394136493,0.167252134443,8.11603332387e-05,0.00358921556125,0.00187510169817,0.170841350004,1.27481610657,0.6875
0.00353125,0.00364895833333,0.00187510169817,0.170841350004,8.37363920399e-05,0.00358915730975,0.00195883809021,0.174430507314,1.31593921361,0.6875
0.00364895833333,0.00364895833333,0.00195883809021,0.174430507314,8.37999805377e-05,0.00364799595417,0.00204263807074,0.178078503268,1.31593921361,0.6875
0.00376666666667,0.003884375,0.00204263807074,0.178078503268,9.19722377184e-05,0.00382444784601,0.00213461030846,0.181902951114,1.35706232066,0.6875
0.00376666666667,0.003884375,0.00213461030846,0.181902951114,9.47171250647e-05,0.00382438183444,0.00222932743353,0.185727332948,1.3981854277,0.6875
0.00376666666667,0.00400208333333,0.00222932743353,0.185727332948,0.00010314187836,0.00388307842268,0.00233246931189,0.189610411371,1.48043159942,0.625
0.00376666666667,0.003884375,0.00233246931189,0.189610411371,0.000102951485864,0.00382417197937,0.00243542079775,0.19343458335,1.52155470647,0.6875
0.003884375,0.003884375,0.00243542079775,0.19343458335,0.000103141879796,0.00388300539444,0.00253856267755,0.197317588745,1.52155470647,0.6875
0.00376666666667,0.00400208333333,0.00253856267755,0.197317588745,0.000111502520447,0.00388285333719,0.00265006519799,0.201200442082,1.60380087819,0.6875
0.00364895833333,0.003884375,0.00265006519799,0.201200442082,0.000113528238619,0.00376503590698,0.00276359343661,0.204965477989,1.68604704992,0.75
0.00376666666667,0.00400208333333,0.00276359343661,0.204965477989,0.000122649230462,0.00388252522042,0.00288624266707,0.208848003209,1.76829322164,0.75
0.00376666666667,0.003884375,0.00288624266707,0.208848003209,0.000122163070321,0.00382361336987,0.0030084057374,0.212671616579,1.80941632868,0.75
0.00376666666667,0.003884375,0.0030084057374,0.212671616579,0.000124907343183,0.00382352568933,0.00313331308058,0.216495142269,1.85053943573,0.8125
0.003884375,0.003884375,0.00313331308058,0.216495142269,0.000125435756471,0.00388234916148,0.00325874883705,0.22037749143,1.85053943573,0.8125
0.00376666666667,0.003884375,0.00325874883705,0.22037749143,0.0001276515517,0.00382343603914,0.00338640038875,0.224200927469,1.89166254277,0.875
0.00376666666667,0.003884375,0.00338640038875,0.224200927469,0.000130395694459,0.00382334441933,0.00351679608321,0.228024271889,1.93278564982,0.875
0.00376666666667,0.003884375,0.00351679608321,0.228024271889,0.000133139770045,0.00382325082996,0.00364993585326,0.231847522719,1.97390875686,0.9375
0.00376666666667,0.003884375,0.00364993585326,0.231847522719,0.000135883777046,0.00382315527107,0.0037858196303,0.23567067799,2.01503186391,0.9375
0.00376666666667,0.003884375,0.0037858196303,0.23567067799,0.000138627714047,0.00382305774272,0.00392444734435,0.239493735732,2.05615497096,0.9375
0.00364895833333,0.00376666666667,0.00392444734435,0.239493735732,0.000137021684878,0.00370532876049,0.00406146902923,0.243199064493,2.097278078,1.0
0.00376666666667,0.003884375,0.00406146902923,0.243199064493,0.000144115372398,0.00382285677782,0.00420558440162,0.247021921271,2.13840118505,1.0
0.00376666666667,0.00376666666667,0.00420558440162,0.247021921271,0.00014054743159,0.00376404359662,0.00434613183321,0.250785964867,2.13840118505,1.0
0.00364895833333,0.003884375,0.00434613183321,0.250785964867,0.000148651837215,0.00376383796753,0.00449478367043,0.254549802835,2.22064735677,1.0625
0.00364895833333,0.00376666666667,0.00449478367043,0.254549802835,0.000147658718402,0.00370492392823,0.00464244238883,0.258254726763,2.26177046381,1.0625
0.00364895833333,0.003884375,0.00464244238883,0.258254726763,0.000156755555042,0.00376351498218,0.00479919794387,0.262018241745,2.34401663554,1.125
0.00364895833333,0.00376666666667,0.00479919794387,0.262018241745,0.000155635698972,0.00370460026401,0.00495483364285,0.265722842009,2.38513974258,1.125
0.00376666666667,0.00376666666667,0.00495483364285,0.265722842009,0.000156755556434,0.0037634034428,0.00511158919928,0.269486245452,2.38513974258,1.1875
0.00376666666667,0.00364895833333,0.00511158919928,0.269486245452,0.000150317787991,0.00370471006059,0.00526190698727,0.273190955513,2.34401663554,1.1875
0.00364895833333,0.00376666666667,0.00526190698727,0.273190955513,0.000155635698972,0.00370460026401,0.00541754268624,0.276895555777,2.38513974258,1.25
0.00364895833333,0.00376666666667,0.00541754268624,0.276895555777,0.000158294534886,0.00370448855904,0.00557583722113,0.280600044336,2.42626284963,1.3125
0.00364895833333,0.00364895833333,0.00557583722113,0.280600044336,0.000154473617084,0.00364568715334,0.00573031083821,0.284245731489,2.42626284963,1.3125
0.00376666666667,0.00364895833333,0.00573031083821,0.284245731489,0.000152976782884,0.00370460026401,0.0058832876211,0.287950331753,2.38513974258,1.3125
0.00364895833333,0.00364895833333,0.0058832876211,0.287950331753,0.000151856945295,0.00364579708522,0.00603514456639,0.291596128838,2.38513974258,1.375
0.00376666666667,0.00376666666667,0.00603514456639,0.291596128838,0.000156755556434,0.0037634034428,0.00619190012283,0.295359532281,2.38513974258,1.375
0.00353125,0.00376666666667,0.00619190012283,0.295359532281,0.000159706716543,0.00364557534354,0.00635160683937,0.299005107625,2.4673859143,1.4375
0.00364895833333,0.00376666666667,0.00635160683937,0.299005107625,0.000163611957974,0.00370425942427,0.00651521879734,0.302709367049,2.50850902135,1.4375
0.00364895833333,0.00364895833333,0.00651521879734,0.302709367049,0.00015970671789,0.00364546165563,0.00667492551523,0.306354828704,2.50850902135,1.4375
0.00376666666667,0.00364895833333,0.00667492551523,0.306354828704,0.000158294532147,0.00370437494585,0.00683322004738,0.31005920365,2.4673859143,1.4375
0.00364895833333,0.00376666666667,0.00683322004738,0.31005920365,0.000163611957974,0.00370425942427,0.00699683200535,0.313763463075,2.50850902135,1.4375
0.00364895833333,0.003884375,0.00699683200535,0.313763463075,0.000172960772846,0.00376281666706,0.0071697927782,0.317526279742,2.59075519307,1.4375
0.00364895833333,0.00364895833333,0.0071697927782,0.317526279742,0.000164939489611,0.00364522864621,0.00733473226781,0.321171508388,2.59075519307,1.4375
0.00364895833333,0.00376666666667,0.00733473226781,0.321171508388,0.000171587458426,0.00370390141058,0.00750631972624,0.324875409798,2.63187830012,1.4375
0.00376666666667,0.00364895833333,0.00750631972624,0.324875409798,0.000166270542407,0.00370402265664,0.00767259026864,0.328579432455,2.59075519307,1.5
0.00364895833333,0.00364895833333,0.00767259026864,0.328579432455,0.000164939489611,0.00364522864621,0.00783752975825,0.332224661101,2.59075519307,1.5
0.00376666666667,0.00376666666667,0.00783752975825,0.332224661101,0.000170260118308,0.00376281666706,0.00800778987656,0.335987477768,2.59075519307,1.5
0.00376666666667,0.00364895833333,0.00800778987656,0.335987477768,0.000163611955234,0.00370414199459,0.0081714018318,0.339691619763,2.54963208603,1.5
0.00376666666667,0.00364895833333,0.0081714018318,0.339691619763,0.000160953283778,0.00370425942439,0.00833235511558,0.343395879187,2.50850897898,1.5
0.00364895833333,0.00364895833333,0.00833235511558,0.343395879187,0.000159706715195,0.00364546165575,0.00849206183077,0.347041340843,2.50850897898,1.5
0.00364895833333,0.00376666666667,0.00849206183077,0.347041340843,0.000166270542407,0.00370414199459,0.00865833237318,0.350745482838,2.54963208603,1.5625
0.00364895833333,0.00376666666667,0.00865833237318,0.350745482838,0.000168929043928,0.00370402265664,0.00882726141711,0.354449505494,2.59075519307,1.5625
0.00364895833333,0.00376666666667,0.00882726141711,0.354449505494,0.000171587458426,0.00370390141058,0.00899884887553,0.358153406905,2.63187830012,1.5625
0.00364895833333,0.003884375,0.00899884887553,0.358153406905,0.000181062197691,0.00376244134052,0.00917991107322,0.361915848245,2.71412447184,1.5625
0.00376666666667,0.00376666666667,0.00917991107322,0.361915848245,0.000178361814625,0.00376244134052,0.00935827288785,0.365678289586,2.71412447184,1.5625
0.00364895833333,0.00376666666667,0.00935827288785,0.365678289586,0.000179562163352,0.00370352622462,0.0095378350512,0.369381815811,2.75524757889,1.5625
0.00364895833333,0.003884375,0.0095378350512,0.369381815811,0.000189162783083,0.00376204857029,0.00972699783428,0.373143864381,2.83749375061,1.5625
0.00364895833333,0.003884375,0.00972699783428,0.373143864381,0.000194562687508,0.00376177703348,0.00992156052179,0.376905641414,2.91973992233,-358.375
0.00364895833333,0.00376666666667,0.00992156052179,0.376905641414,0.000192851469064,0.00370286275885,0.0101144119909,0.380608504173,2.96086302938,-358.375
0.00376666666667,0.00376666666667,0.0101144119909,0.380608504173,0.000194562688899,0.0037616383582,0.0103089746798,0.384370142531,2.96086302938,-358.3125
0.00364895833333,0.003884375,0.0103089746798,0.384370142531,0.000202661790355,0.00376135519453,0.0105116364701,0.388131497726,3.0431092011,-358.3125
0.00364895833333,0.00376666666667,0.0105116364701,0.388131497726,0.000200823871843,0.00370244178885,0.010712460342,0.391833939515,3.08423230814,-358.3125
0.00376666666667,0.00376666666667,0.010712460342,0.391833939515,0.000202661791746,0.00376121070613,0.0109151221337,0.395595150221,3.08423230814,-358.3125
0.00364895833333,0.00376666666667,0.0109151221337,0.395595150221,0.000203481135268,0.00370229765081,0.011118603269,0.399297447872,3.12535541519,-358.3125
0.00376666666667,0.00376666666667,0.011118603269,0.399297447872,0.000205361286677,0.00376106428019,0.0113239645556,0.403058512152,3.12535541519,-358.3125
0.00376666666667,0.00376666666667,0.0113239645556,0.403058512152,0.000205361286677,0.00376106428019,0.0115293258423,0.406819576432,3.12535541519,-358.3125
0.00353125,0.003884375,0.0115293258423,0.406819576432,0.000214109110644,0.00370185379437,0.011743434953,0.410521430226,3.24872456685,-358.3125
0.00364895833333,0.00376666666667,0.011743434953,0.410521430226,0.000214109116118,0.00370170202796,0.0119575440691,0.414223132254,3.2898476739,-358.3125
0.00376666666667,0.003884375,0.0119575440691,0.414223132254,0.000223647297042,0.00381905782623,0.0121811913661,0.418042190081,3.33097078094,-358.3125
0.00353125,0.00376666666667,0.0121811913661,0.418042190081,0.000219861014792,0.00364248552135,0.0124010523809,0.421684675602,3.41321695267,-358.25
0.00364895833333,0.00376666666667,0.0124010523809,0.421684675602,0.000224735340439,0.00370107589429,0.0126257877214,0.425385751496,3.45434005971,-358.25
0.00364895833333,0.00376666666667,0.0126257877214,0.425385751496,0.000227391611198,0.00370091459419,0.0128531793326,0.42908666609,3.49546316676,-358.25
0.00364895833333,0.00376666666667,0.0128531793326,0.42908666609,0.000230047764819,0.00370075138759,0.0130832270974,0.432787417478,3.5365862738,-358.25
0.00353125,0.00376666666667,0.0130832270974,0.432787417478,0.000232930676902,0.00364168244184,0.0133161577743,0.43642909992,3.61883244552,-358.1875
0.00364895833333,0.00376666666667,0.0133161577743,0.43642909992,0.000238015506428,0.00370025032984,0.0135541732807,0.44012935025,3.65995555257,-358.1875
0.00364895833333,0.00376666666667,0.0135541732807,0.44012935025,0.000240671177811,0.00370007949811,0.0137948444585,0.443829429748,3.70107865961,-358.1875
0.00364895833333,0.00364895833333,0.0137948444585,0.443829429748,0.000235544256619,0.00364134807751,0.0140303887151,0.447470777825,3.70107865961,-358.125
0.00353125,0.00364895833333,0.0140303887151,0.447470777825,0.000235602067271,0.00358244940285,0.0142659907824,0.451053227228,3.74220176666,-358.125
0.00376666666667,0.00364895833333,0.0142659907824,0.451053227228,0.000238015506428,0.00370007949811,0.0145040062888,0.454753306726,3.70107865961,-358.0625
0.00364895833333,0.00376666666667,0.0145040062888,0.454753306726,0.000243326725214,0.00369990676032,0.014747333014,0.458453213487,3.74220176666,-358.0625
0.00353125,0.00364895833333,0.014747333014,0.458453213487,0.000238173190214,0.00358228030333,0.0149855062043,0.46203549379,3.78332487371,-358.0625
0.00353125,0.00376666666667,0.0149855062043,0.46203549379,0.000248610297425,0.00364065684003,0.0152341165017,0.46567615063,3.86557104543,-358.0625
0.00353125,0.00364895833333,0.0152341165017,0.46567615063,0.000245885814938,0.00358176193302,0.0154800023166,0.469257912563,3.90669415247,-358.0
0.00364895833333,0.00376666666667,0.0154800023166,0.469257912563,0.000256602551922,0.00369901448374,0.0157366048685,0.472956927047,3.94781725952,-358.0
0.00364895833333,0.00364895833333,0.0157366048685,0.472956927047,0.000251223128917,0.00364029996812,0.0159878279975,0.476597227015,3.94781725952,-358.0
0.00353125,0.00364895833333,0.0159878279975,0.476597227015,0.000251026935397,0.00358140712697,0.0162388549329,0.480178634142,3.98894036656,-357.9375
0.00353125,0.00376666666667,0.0162388549329,0.480178634142,0.000261673137846,0.00363975059617,0.0165005280707,0.483818384738,4.07118653829,-357.9375
0.00353125,0.00364895833333,0.0165005280707,0.483818384738,0.00025873764027,0.00358086108134,0.016759265711,0.487399245819,4.11230964533,-357.9375
0.00353125,0.00364895833333,0.016759265711,0.487399245819,0.000261307611303,0.00358067537664,0.0170205733223,0.490979921196,4.15343275238,-357.875
0.00364895833333,0.00364895833333,0.0170205733223,0.490979921196,0.000264285308801,0.00363937497298,0.0172848586311,0.494619296169,4.15343275238,-357.875
0.00364895833333,0.00364895833333,0.0172848586311,0.494619296169,0.000264285308801,0.00363937497298,0.0175491439399,0.498258671142,4.15343275238,-357.8125
0.00364895833333,0.00364895833333,0.0175491439399,0.498258671142,0.000264285308801,0.00363937497298,0.0178134292487,0.501898046115,4.15343275238,-357.8125
0.00353125,0.00353125,0.0178134292487,0.501898046115,0.000255759976259,0.0035219757803,0.0180691892249,0.505420021895,4.15343275238,-357.75
0.00353125,0.00353125,0.0180691892249,0.505420021895,0.000255759976259,0.0035219757803,0.0183249492012,0.508941997676,4.15343275238,-357.75
0.00364895833333,0.00364895833333,0.0183249492012,0.508941997676,0.000264285308801,0.00363937497298,0.01858923451,0.512581372648,4.15343275238,-357.75
0.00364895833333,0.00364895833333,0.01858923451,0.512581372648,0.000264285308801,0.00363937497298,0.0188535198188,0.516220747621,4.15343275238,-357.6875
0.00353125,0.00353125,0.0188535198188,0.516220747621,0.000255759976259,0.0035219757803,0.0191092797951,0.519742723402,4.15343275238,-357.6875
0.00353125,0.00364895833333,0.0191092797951,0.519742723402,0.000263877447725,0.00358048782739,0.0193731572428,0.523323211229,4.19455585942,-357.625
0.00353125,0.00353125,0.0193731572428,0.523323211229,0.00025828775058,0.00352179130563,0.0196314449934,0.526845002535,4.19455585942,-357.625
0.00353125,0.00364895833333,0.0196314449934,0.526845002535,0.000266447148213,0.00358029843368,0.0198978921416,0.530425300968,4.23567896647,-357.625
0.00364895833333,0.00364895833333,0.0198978921416,0.530425300968,0.000269509238241,0.00363899185062,0.0201674013798,0.534064292819,4.23567896647,-357.625
0.00353125,0.00364895833333,0.0201674013798,0.534064292819,0.000269016711444,0.00358010719561,0.0204364180913,0.537644400015,4.27680207351,-357.5625
0.00353125,0.00364895833333,0.0204364180913,0.537644400015,0.000271586136092,0.00357991411327,0.0207080042274,0.541224314128,4.31792518056,-357.625
0.00353125,0.00364895833333,0.0207080042274,0.541224314128,0.000274155420835,0.00357971918678,0.0209821596482,0.544804033315,4.3590482876,-357.625
0.00353125,0.00353125,0.0209821596482,0.544804033315,0.000268397504296,0.00352103526568,0.0212505571525,0.54832506858,4.3590482876,-357.5625
0.00364895833333,0.00364895833333,0.0212505571525,0.54832506858,0.000277344087773,0.00363840310787,0.0215279012403,0.551963471688,4.3590482876,-357.5625
0.00364895833333,0.00364895833333,0.0215279012403,0.551963471688,0.000277344087773,0.00363840310787,0.021805245328,0.555601874796,4.3590482876,-357.5625
0.00364895833333,0.00353125,0.021805245328,0.555601874796,0.000269016711444,0.00357991411327,0.0220742620395,0.559181788909,4.31792518056,-357.5625
0.00353125,0.00353125,0.0220742620395,0.559181788909,0.000265870270007,0.00352122699666,0.0223401323095,0.562703015906,4.31792518056,-357.5625
0.00364895833333,0.00353125,0.0223401323095,0.562703015906,0.000266447148213,0.00358010719561,0.0226065794577,0.566283123102,4.27680207351,-357.5
0.00364895833333,0.00364895833333,0.0226065794577,0.566283123102,0.000272120995381,0.0036387974775,0.0228787004531,0.569921920579,4.27680207351,-357.5
0.00353125,0.00364895833333,0.0228787004531,0.569921920579,0.000271586136092,0.00357991411327,0.0231502865892,0.573501834692,4.31792518056,-357.5
0.00353125,0.00353125,0.0231502865892,0.573501834692,0.000265870270007,0.00352122699666,0.0234161568592,0.577023061689,4.31792518056,-357.5
0.00341354166667,0.00364895833333,0.0234161568592,0.577023061689,0.000273451552881,0.00352084172107,0.0236896084121,0.58054390341,4.40017135228,-357.4375
0.00353125,0.00364895833333,0.0236896084121,0.58054390341,0.000279293562665,0.00357932380191,0.0239689019747,0.584123227212,4.44129445933,-357.4375
0.00353125,0.00364895833333,0.0239689019747,0.584123227212,0.000281862419751,0.00357912334353,0.0242507643945,0.587702350556,4.48241756637,-357.4375
0.00353125,0.00364895833333,0.0242507643945,0.587702350556,0.000284431131639,0.0035789210414,0.0245351955261,0.591281271597,4.52354067342,-357.4375
0.00353125,0.00364895833333,0.0245351955261,0.591281271597,0.000286999697004,0.00357871689562,0.0248221952231,0.594859988493,4.56466378046,-357.4375
0.00341354166667,0.00364895833333,0.0248221952231,0.594859988493,0.000288610285308,0.00351964236762,0.0251108055084,0.59837963086,4.64690995219,-357.4375
0.00235416666667,0.002471875,0.0251108055084,0.59837963086,0.000198080072486,0.00240494802137,0.0253088855809,0.600784578882,4.68803305923,-357.4375
0.00223645833333,0.00223645833333,0.0253088855809,0.600784578882,0.000182786514852,0.00222897621493,0.0254916720958,0.603013555097,4.68803305923,-357.4375
0.00200104166667,0.00200104166667,0.0254916720958,0.603013555097,0.000163545829079,0.00199434713967,0.0256552179248,0.605007902236,4.68803305923,-357.4375
0.00200104166667,0.00188333333333,0.0256552179248,0.605007902236,0.000156651601507,0.00193580330219,0.0258118695263,0.606943705538,4.64690995219,-357.4375
0.00188333333333,0.00188333333333,0.0258118695263,0.606943705538,0.000152578237263,0.00187714259606,0.0259644477636,0.608820848135,4.64690995219,-357.4375
0.001765625,0.001765625,0.0259644477636,0.608820848135,0.000143042097434,0.00175982118381,0.026107489861,0.610580669318,4.64690995219,-357.4375
0.00164791666667,0.00164791666667,0.026107489861,0.610580669318,0.000133505957605,0.00164249977156,0.0262409958187,0.61222316909,4.64690995219,-357.4375
0.00164791666667,0.00164791666667,0.0262409958187,0.61222316909,0.000133505957605,0.00164249977156,0.0263745017763,0.613865668861,4.64690995219,-357.4375
0.00129479166667,0.0014125,0.0263745017763,0.613865668861,0.000111118089443,0.00134911718272,0.0264856198657,0.615214786044,4.68803305923,-357.4375
0.00129479166667,0.0014125,0.0264856198657,0.615214786044,0.000112086338936,0.00134903742953,0.0265977062046,0.616563823474,4.72915616628,-357.4375
0.00117708333333,0.001059375,0.0265977062046,0.616563823474,9.09932987597e-05,0.00111448810747,0.0266886995034,0.617678311581,4.68803305923,-357.4375
0.000941666666667,0.001059375,0.0266886995034,0.617678311581,8.28464244306e-05,0.00099711462183,0.0267715459278,0.618675426203,4.72915616628,-357.4375
0.000941666666667,0.000823958333333,0.0267715459278,0.618675426203,7.18368148103e-05,0.000879859032209,0.0268433827426,0.619555285235,4.68803305923,-357.4375
0.000823958333333,0.000823958333333,0.0268433827426,0.619555285235,6.73424002088e-05,0.000821201763395,0.0269107251428,0.620376486999,4.68803305923,-357.4375
0.00070625,0.000588541666667,0.0269107251428,0.620376486999,5.22172005025e-05,0.000645267767397,0.0269629423433,0.621021754766,4.64690995219,-357.4375
0.000470833333333,0.000588541666667,0.0269629423433,0.621021754766,4.34809915212e-05,0.000527915419326,0.0270064233349,0.621549670185,4.68803305923,-357.4375
0.000470833333333,0.000470833333333,0.0270064233349,0.621549670185,3.84813715479e-05,0.000469258150512,0.0270449047064,0.622018928336,4.68803305923,-357.4375
0.000470833333333,0.000353125,0.0270449047064,0.622018928336,3.32291275925e-05,0.000410624942889,0.027078133834,0.622429553279,4.64690995219,-357.4375
0.000235416666667,0.000235416666667,0.027078133834,0.622429553279,1.90722796578e-05,0.000234642824508,0.0270972061137,0.622664196103,4.64690995219,-357.4375
0.000235416666667,0.000235416666667,0.0270972061137,0.622664196103,1.90722796578e-05,0.000234642824508,0.0271162783933,0.622898838928,4.64690995219,-357.4375
0.000117708333333,0.000235416666667,0.0271162783933,0.622898838928,1.44936638404e-05,0.000175971806442,0.0271307720572,0.623074810734,4.68803305923,-357.4375
0.000117708333333,0.0,0.0271307720572,0.623074810734,4.7470182275e-06,5.8660706127e-05,0.0271355190754,0.62313347144,4.64690995219,-357.4375
0.000117708333333,0.0,0.0271355190754,0.62313347144,4.70491302226e-06,5.86641132215e-05,0.0271402239884,0.623192135554,4.60578684514,-357.4375
0.000117708333333,0.0,0.0271402239884,0.623192135554,4.66280539332e-06,5.86674900957e-05,0.0271448867938,0.623250803044,4.56466373809,-357.4375
0.0,0.0,0.0271448867938,0.623250803044,0.0,0.0,0.0271448867938,0.623250803044,4.56466373809,-357.4375
0.0,0.0,0.0271448867938,0.623250803044,0.0,0.0,0.0271448867938,0.623250803044,4.56466373809,-357.4375
0.0,0.0,0.0271448867938,0.623250803044,0.0,0.0,0.0271448867938,0.623250803044,4.56466373809,-357.4375
0.0,0.0,0.0271448867938,0.623250803044,0.0,0.0,0.0271448867938,0.623250803044,4.56466373809,-357.4375
0.0,0.0,0.0271448867938,0.623250803044,0.0,0.0,0.0271448867938,0.623250803044,4.56466373809,-357.4375
0.0,0.0,0.0271448867938,0.623250803044,0.0,0.0,0.0271448867938,0.623250803044,4.56466373809,-357.4375
0.0,0.0,0.0271448867938,0.623250803044,0.0,0.0,0.0271448867938,0.623250803044,4.56466373809,-357.4375
0.0,0.0,0.0271448867938,0.623250803044,0.0,0.0,0.0271448867938,0.623250803044,4.56466373809,-357.4375
0.0,0.0,0.0271448867938,0.623250803044,0.0,0.0,0.0271448867938,0.623250803044,4.56466373809,-357.4375
0.0,0.0,0.0271448867938,0.623250803044,0.0,0.0,0.0271448867938,0.623250803044,4.56466373809,-357.4375
0.0,0.0,0.0271448867938,0.623250803044,0.0,0.0,0.0271448867938,0.623250803044,4.56466373809,-357.4375
