deltaR,deltaL,prevx,prevy,dx,dy,x,y,degrees,gyro
0.0,0.0,0,0,0.0,0.0,0.0,0.0,0.0,0.0
0.000117708333333,0.000117708333333,0.0,0.0,0.0,0.000117708333333,0.0,0.000117708333333,0.0,0.0
0.000353125,0.000470833333333,0.0,0.000117708333333,4.43536860197e-07,0.000411979060553,4.43536860197e-07,0.000529687393886,0.0411231070454,0.0
0.000353125,0.000823958333333,4.43536860197e-07,0.000529687393886,2.95689400483e-06,0.000588537876908,3.40043086503e-06,0.00111822527079,0.205615111545,0.0
0.000470833333333,0.000941666666667,3.40043086503e-06,0.00111822527079,5.57582205209e-06,0.000706235265461,8.97625291712e-06,0.00182446053625,0.370107116044,0.0
0.000470833333333,0.000823958333333,8.97625291712e-06,0.00182446053625,6.27276906287e-06,0.000647371821545,1.524902198e-05,0.0024718323578,0.493476267707,0.0
0.000588541666667,0.000941666666667,1.524902198e-05,0.0024718323578,9.060597417e-06,0.00076505982686,2.4309619397e-05,0.00323689218466,0.61684541937,0.0625
0.000823958333333,0.001059375,2.4309619397e-05,0.00323689218466,1.21652258461e-05,0.000941596572043,3.64748452431e-05,0.0041784887567,0.699091591092,0.1875
0.001059375,0.001059375,3.64748452431e-05,0.0041784887567,1.29255904109e-05,0.00105929614355,4.94004356541e-05,0.00523778490025,0.699091591092,0.1875
0.00117708333333,0.00117708333333,4.94004356541e-05,0.00523778490025,1.43617671233e-05,0.00117699571505,6.37622027773e-05,0.00641478061531,0.699091591092,0.1875
0.00129479166667,0.00129479166667,6.37622027773e-05,0.00641478061531,1.57979438356e-05,0.00129469528656,7.95601466129e-05,0.00770947590187,0.699091591092,0.1875
0.00153020833333,0.00129479166667,7.95601466129e-05,0.00770947590187,1.41929147049e-05,0.00141241814189,9.37530613178e-05,0.00912189404376,0.61684541937,0.125
0.00153020833333,0.0014125,9.37530613178e-05,0.00912189404376,1.42562911488e-05,0.00147127988794,0.000108009352467,0.0105931739317,0.575722312324,0.1875
0.00153020833333,0.00153020833333,0.000108009352467,0.0105931739317,1.53756570312e-05,0.00153013108346,0.000123385009498,0.0121233050152,0.575722312324,0.1875
0.00153020833333,0.00164791666667,0.000123385009498,0.0121233050152,1.76777178683e-05,0.00158897040963,0.000141062727366,0.0137122754248,0.61684541937,0.1875
0.001765625,0.00164791666667,0.000141062727366,0.0137122754248,1.65372977326e-05,0.00170668467001,0.000157600025099,0.0154189600948,0.575722312324,0.125
0.00164791666667,0.00188333333333,0.000157600025099,0.0154189600948,2.15426500321e-05,0.00176550857973,0.000179142675131,0.0171844686745,0.657968484047,0.125
0.00188333333333,0.00188333333333,0.000179142675131,0.0171844686745,2.16271905685e-05,0.00188320915171,0.000200769865699,0.0190676778262,0.657968484047,0.1875
0.001765625,0.00200104166667,0.000200769865699,0.0190676778262,2.56820627574e-05,0.00188317616637,0.000226451928457,0.0209508539926,0.740214655769,0.1875
0.00200104166667,0.00200104166667,0.000226451928457,0.0209508539926,2.58511041832e-05,0.00200087467677,0.00025230303264,0.0229517286694,0.740214655769,0.1875
0.00200104166667,0.00200104166667,0.00025230303264,0.0229517286694,2.58511041832e-05,0.00200087467677,0.000278154136823,0.0249526033462,0.740214655769,0.1875
0.00200104166667,0.00211875,0.000278154136823,0.0249526033462,2.88289145866e-05,0.00205970430153,0.00030698305141,0.0270123076477,0.781337762815,0.1875
0.00200104166667,0.00211875,0.00030698305141,0.0270123076477,3.03072187213e-05,0.00205968361005,0.000337290270131,0.0290719912577,0.82246086986,0.1875
0.00211875,0.00223645833333,0.000337290270131,0.0290719912577,3.36018219432e-05,0.00217735682083,0.000370892092074,0.0312493480786,0.863583976905,0.1875
0.00223645833333,0.00211875,0.000370892092074,0.0312493480786,3.04762811344e-05,0.00217737981634,0.000401368373209,0.0334267278949,0.82246086986,0.25
0.00223645833333,0.00235416666667,0.000401368373209,0.0334267278949,3.54181366428e-05,0.00229505178412,0.000436786509852,0.035721779679,0.863583976905,0.25
0.00211875,0.00235416666667,0.000436786509852,0.035721779679,3.85223946449e-05,0.00223615361261,0.000475308904497,0.0379579332916,0.945830148628,0.25
0.00235416666667,0.00235416666667,0.000475308904497,0.0379579332916,3.88604657881e-05,0.00235384590801,0.000514169370285,0.0403117791996,0.945830148628,0.25
0.00223645833333,0.00235416666667,0.000514169370285,0.0403117791996,4.03597294253e-05,0.00229497197501,0.00055452909971,0.0426067511746,0.986953255673,0.25
0.00223645833333,0.00235416666667,0.00055452909971,0.0426067511746,4.20068871345e-05,0.00229494300747,0.000596535986844,0.0449016941821,1.02807636272,0.3125
0.00235416666667,0.002471875,0.000596535986844,0.0449016941821,4.58926910609e-05,0.00241260069658,0.000642428677905,0.0473142948787,1.06919946976,0.3125
0.00235416666667,0.00235416666667,0.000642428677905,0.0473142948787,4.39286747973e-05,0.00235375677715,0.000686357352703,0.0496680516558,1.06919946976,0.3125
0.002471875,0.002471875,0.000686357352703,0.0496680516558,4.61251085372e-05,0.00247144461601,0.00073248246124,0.0521394962719,1.06919946976,0.3125
0.00235416666667,0.00235416666667,0.00073248246124,0.0521394962719,4.39286747973e-05,0.00235375677715,0.000776411136037,0.054493253049,1.06919946976,0.3125
0.002471875,0.002471875,0.000776411136037,0.054493253049,4.61251085372e-05,0.00247144461601,0.000822536244574,0.056964697665,1.06919946976,0.3125
0.002471875,0.00258958333333,0.000822536244574,0.056964697665,4.99474072257e-05,0.00253025398994,0.0008724836518,0.059494951655,1.11032257681,0.3125
0.002471875,0.002471875,0.0008724836518,0.059494951655,4.78989353869e-05,0.0024714108739,0.000920382587187,0.0619663625288,1.11032257681,0.3125
0.002471875,0.002471875,0.000920382587187,0.0619663625288,4.78989353869e-05,0.0024714108739,0.000968281522574,0.0644377734027,1.11032257681,0.375
0.002471875,0.002471875,0.000968281522574,0.0644377734027,4.78989353869e-05,0.0024714108739,0.00101618045796,0.0669091842766,1.11032257681,0.375
0.00258958333333,0.00258958333333,0.00101618045796,0.0669091842766,5.0179837072e-05,0.00258909710599,0.00106636029503,0.0694982813826,1.11032257681,0.375
0.00258958333333,0.002471875,0.00106636029503,0.0694982813826,4.6315285815e-05,0.00253028853544,0.00111267558085,0.0720285699181,1.06919946976,0.375
0.00258958333333,0.00258958333333,0.00111267558085,0.0720285699181,4.8321542277e-05,0.00258913245486,0.00116099712312,0.0746177023729,1.06919946976,0.4375
0.00258958333333,0.00258958333333,0.00116099712312,0.0746177023729,4.8321542277e-05,0.00258913245486,0.0012093186654,0.0772068348278,1.06919946976,0.4375
0.00258958333333,0.00258958333333,0.0012093186654,0.0772068348278,4.8321542277e-05,0.00258913245486,0.00125764020768,0.0797959672827,1.06919946976,0.4375
0.00258958333333,0.00270729166667,0.00125764020768,0.0797959672827,5.22705424455e-05,0.00264794022203,0.00130991075012,0.0824439075047,1.11032257681,0.4375
0.00294270833333,0.00306041666667,0.00130991075012,0.0824439075047,6.13938353487e-05,0.0030009563998,0.00137130458547,0.0854448639045,1.15144568385,0.4375
0.00294270833333,0.00294270833333,0.00137130458547,0.0854448639045,5.91342113831e-05,0.00294211411745,0.00143043879686,0.0883869780219,1.15144568385,0.4375
0.00306041666667,0.00306041666667,0.00143043879686,0.0883869780219,6.14995798384e-05,0.00305979868215,0.00149193837669,0.0914467767041,1.15144568385,0.5
0.00294270833333,0.003178125,0.00149193837669,0.0914467767041,6.80877899119e-05,0.00305970724914,0.00156002616661,0.0945064839532,1.23369185558,0.5
0.00306041666667,0.00306041666667,0.00156002616661,0.0945064839532,6.58917534539e-05,0.00305970724914,0.00162591792006,0.0975661912024,1.23369185558,0.5
0.00306041666667,0.00306041666667,0.00162591792006,0.0975661912024,6.58917534539e-05,0.00305970724914,0.00169180967351,0.100625898452,1.23369185558,0.5
0.00294270833333,0.003178125,0.00169180967351,0.100625898452,7.24797564723e-05,0.00305960951141,0.00176428942999,0.103685507963,1.3159380273,0.5625
0.00294270833333,0.00306041666667,0.00176428942999,0.103685507963,7.21627705418e-05,0.00300072061911,0.00183645220053,0.106686228582,1.35706113435,0.5625
0.00306041666667,0.00306041666667,0.00183645220053,0.106686228582,7.24797576035e-05,0.00305955827831,0.00190893195813,0.10974578686,1.35706113435,0.625
0.00306041666667,0.00329583333333,0.00190893195813,0.10974578686,8.21084793782e-05,0.0031771222794,0.00199104043751,0.11292290914,1.43930730607,0.625
0.00306041666667,0.003178125,0.00199104043751,0.11292290914,8.17069770418e-05,0.00311822964412,0.00207274741455,0.116041138784,1.48043041311,0.625
0.00341354166667,0.00329583333333,0.00207274741455,0.116041138784,8.30595608315e-05,0.0033536290727,0.00215580697538,0.119394767857,1.43930730607,0.625
0.00329583333333,0.00329583333333,0.00215580697538,0.119394767857,8.27847728774e-05,0.00329479347494,0.00223859174826,0.122689561331,1.43930730607,0.625
0.00353125,0.00353125,0.00223859174826,0.122689561331,8.86979709401e-05,0.003530135866,0.0023272897192,0.126219697198,1.43930730607,0.625
0.00364895833333,0.00353125,0.0023272897192,0.126219697198,8.63123307391e-05,0.00358903526189,0.00241360204994,0.129808732459,1.39818419902,0.625
0.00353125,0.00364895833333,0.00241360204994,0.129808732459,9.14642273557e-05,0.00358897146377,0.0025050662773,0.133397703923,1.43930730607,0.6875
0.00353125,0.00364895833333,0.0025050662773,0.133397703923,9.40401056519e-05,0.00358890581682,0.00259910638295,0.13698660974,1.48043041311,0.6875
0.00353125,0.00364895833333,0.00259910638295,0.13698660974,9.66159355042e-05,0.00358883832108,0.00269572231845,0.140575448061,1.52155352016,0.6875
0.00341354166667,0.00353125,0.00269572231845,0.140575448061,9.59395281893e-05,0.00347110441997,0.00279166184664,0.144046552481,1.5626766272,0.6875
0.00353125,0.00364895833333,0.00279166184664,0.144046552481,0.000101767444569,0.00358869778335,0.00289342929121,0.147635250264,1.60379973425,0.6875
0.00353125,0.00376666666667,0.00289342929121,0.147635250264,0.000109980408342,0.00364737853703,0.00300340969955,0.151282628801,1.68604590597,0.6875
0.00353125,0.00364895833333,0.00300340969955,0.151282628801,0.000109494309011,0.00358847311177,0.00311290400856,0.154871101913,1.72716901302,0.6875
0.00353125,0.00364895833333,0.00311290400856,0.154871101913,0.000112069820336,0.00358839452403,0.0032249738289,0.158459496437,1.76829212006,0.6875
0.00341354166667,0.00353125,0.0032249738289,0.158459496437,0.000110886412488,0.00347066444553,0.00333586024139,0.161930160883,1.80941522711,0.6875
0.00353125,0.00364895833333,0.00333586024139,0.161930160883,0.000117220668462,0.00358823180299,0.00345308090985,0.165518392686,1.85053833415,0.6875
0.00353125,0.00364895833333,0.00345308090985,0.165518392686,0.00011979600261,0.00358814766978,0.00357287691246,0.169106540356,1.8916614412,0.75
0.00353125,0.00376666666667,0.00357287691246,0.169106540356,0.000128303471949,0.00364679310185,0.00370118038441,0.172753333457,1.97390761292,0.75
0.00364895833333,0.00353125,0.00370118038441,0.172753333457,0.000119795999957,0.00358806168825,0.00382097638436,0.176341395146,1.93278450588,0.75
0.00376666666667,0.003884375,0.00382097638436,0.176341395146,0.000133139693713,0.00382325083259,0.00395411607808,0.180164645978,1.97390761292,0.75
0.003884375,0.003884375,0.00395411607808,0.180164645978,0.000133794859241,0.00388207007617,0.00408791093732,0.184046716054,1.97390761292,0.75
0.00376666666667,0.003884375,0.00408791093732,0.184046716054,0.000135883700716,0.00382315527376,0.00422379463803,0.187869871328,2.01503071997,0.75
0.00364895833333,0.003884375,0.00422379463803,0.187869871328,0.000140547352263,0.00376414350557,0.0043643419903,0.191634014834,2.09727689169,0.8125
0.00376666666667,0.003884375,0.0043643419903,0.191634014834,0.000144115293246,0.00382285678077,0.00450845728354,0.195456871614,2.13839999873,0.75
0.00376666666667,0.003884375,0.00450845728354,0.195456871614,0.000146859011771,0.00382275334438,0.00465531629531,0.199279624959,2.17952310578,0.8125
0.00376666666667,0.00400208333333,0.00465531629531,0.199279624959,0.00015608286161,0.00388134888037,0.00481139915692,0.203160973839,2.2617692775,0.8125
0.00364895833333,0.003884375,0.00481139915692,0.203160973839,0.000156755477121,0.00376351498537,0.00496815463404,0.206924488825,2.34401544922,0.8125
0.00364895833333,0.003884375,0.00496815463404,0.206924488825,0.000162157553312,0.00376328996816,0.00513031218736,0.210687778793,2.42626162095,0.8125
0.00376666666667,0.003884375,0.00513031218736,0.210687778793,0.000166062835528,0.00382197415389,0.00529637502288,0.214509752947,2.46738472799,0.8125
0.00364895833333,0.00376666666667,0.00529637502288,0.214509752947,0.000163611881278,0.00370425942763,0.00545998690416,0.218214012374,2.50850783504,0.875
0.00364895833333,0.003884375,0.00545998690416,0.218214012374,0.00017296069494,0.00376281667058,0.0056329475991,0.221976829045,2.59075400676,0.9375
0.00376666666667,0.003884375,0.0056329475991,0.221976829045,0.000177034600205,0.00382148558599,0.00580998219931,0.225798314631,2.63187711381,0.9375
0.00364895833333,0.003884375,0.00580998219931,0.225798314631,0.000181062119793,0.00376244134421,0.0059910443191,0.229560755975,2.71412328553,0.9375
0.00376666666667,0.00376666666667,0.0059910443191,0.229560755975,0.000178361736723,0.00376244134421,0.00616940605582,0.233323197319,2.71412328553,0.9375
0.00364895833333,0.00376666666667,0.00616940605582,0.233323197319,0.000179562086672,0.00370352622831,0.00634896814249,0.237026723548,2.75524639257,1.0
0.00376666666667,0.00376666666667,0.00634896814249,0.237026723548,0.000181062121184,0.00376231235892,0.00653003026368,0.240789035906,2.75524639257,1.0
0.00376666666667,0.003884375,0.00653003026368,0.240789035906,0.000188004905718,0.00382096552042,0.0067180351694,0.244610001427,2.79636949962,1.0
0.00364895833333,0.00376666666667,0.0067180351694,0.244610001427,0.000184878098237,0.00370326656505,0.00690291326763,0.248313267992,2.83749260666,1.0
0.00364895833333,0.00376666666667,0.00690291326763,0.248313267992,0.000187535961846,0.00370313387182,0.00709044922948,0.252016401864,2.87861571371,1.0625
0.00364895833333,0.00376666666667,0.00709044922948,0.252016401864,0.000190193728848,0.00370299927096,0.00728064295833,0.255719401135,2.91973882076,1.0625
0.00376666666667,0.003884375,0.00728064295833,0.255719401135,0.000198973664472,0.00382041396134,0.0074796166228,0.259539815096,2.9608619278,1.0625
0.00364895833333,0.003884375,0.0074796166228,0.259539815096,0.000202661718042,0.00376135519837,0.00768227834084,0.263301170294,3.04310809952,1.125
0.00364895833333,0.00376666666667,0.00768227834084,0.263301170294,0.000200823800661,0.00370244179269,0.0078831021415,0.267003612087,3.08423120657,1.125
0.00364895833333,0.00376666666667,0.0078831021415,0.267003612087,0.000203481064089,0.0037022976547,0.00808658320559,0.270705909742,3.12535431361,1.125
0.00364895833333,0.00364895833333,0.00808658320559,0.270705909742,0.000198943676417,0.00364353102526,0.00828552688201,0.274349440767,3.12535431361,1.125
0.00376666666667,0.00376666666667,0.00828552688201,0.274349440767,0.000205361214366,0.00376106428414,0.00849088809637,0.278110505051,3.12535431361,1.125
0.00364895833333,0.00364895833333,0.00849088809637,0.278110505051,0.000198943676417,0.00364353102526,0.00868983177279,0.281754036076,3.12535431361,1.125
0.00364895833333,0.00376666666667,0.00868983177279,0.281754036076,0.000206138222696,0.0037021516095,0.00889596999549,0.285456187686,3.16647742066,1.125
0.00376666666667,0.00364895833333,0.00889596999549,0.285456187686,0.000200823800661,0.0037022976547,0.00909679379615,0.289158485341,3.12535431361,1.1875
0.00364895833333,0.00364895833333,0.00909679379615,0.289158485341,0.000198943676417,0.00364353102526,0.00929573747257,0.292802016366,3.12535431361,1.1875
0.00376666666667,0.00376666666667,0.00929573747257,0.292802016366,0.000205361214366,0.00376106428414,0.00950109868693,0.29656308065,3.12535431361,1.1875
0.00364895833333,0.00376666666667,0.00950109868693,0.29656308065,0.000206138222696,0.0037021516095,0.00970723690963,0.30026523226,3.16647742066,1.1875
0.00376666666667,0.00376666666667,0.00970723690963,0.30026523226,0.000208060603511,0.00376091592076,0.00991529751314,0.30402614818,3.16647742066,1.1875
0.00376666666667,0.00364895833333,0.00991529751314,0.30402614818,0.000200823800661,0.0037022976547,0.0101161213138,0.307728445835,3.12535431361,1.1875
0.00364895833333,0.00376666666667,0.0101161213138,0.307728445835,0.000206138222696,0.0037021516095,0.0103222595365,0.311430597445,3.16647742066,1.1875
0.00376666666667,0.00364895833333,0.0103222595365,0.311430597445,0.000200823800661,0.0037022976547,0.0105230833372,0.315132895099,3.12535431361,1.1875
0.00364895833333,0.003884375,0.0105230833372,0.315132895099,0.000213459054695,0.00376076562014,0.0107365423919,0.318893660719,3.20760048534,1.1875
0.00376666666667,0.00376666666667,0.0107365423919,0.318893660719,0.000210759882693,0.00376076562014,0.0109473022745,0.32265442634,3.20760048534,1.1875
0.00364895833333,0.00376666666667,0.0109473022745,0.32265442634,0.000211452217232,0.00370185379794,0.0111587544918,0.326356280137,3.24872359238,1.1875
0.002471875,0.002471875,0.0111587544918,0.326356280137,0.000140082505556,0.00246790253196,0.0112988369973,0.328824182669,3.24872359238,1.1875
0.00235416666667,0.00223645833333,0.0112988369973,0.328824182669,0.00012760937426,0.00229171654977,0.0114264463716,0.331115899219,3.20760048534,1.1875
0.00211875,0.00211875,0.0114264463716,0.331115899219,0.000118552434015,0.00211543066133,0.0115449988056,0.333231329881,3.20760048534,1.1875
0.00211875,0.00200104166667,0.0115449988056,0.333231329881,0.000113045034084,0.00205675089425,0.0116580438397,0.335288080775,3.16647737829,1.1875
0.00211875,0.00200104166667,0.0116580438397,0.335288080775,0.000111568776624,0.00205683203047,0.0117696126163,0.337344912805,3.12535427125,1.1875
0.00188333333333,0.00188333333333,0.0117696126163,0.337344912805,0.000102680605793,0.00188053214214,0.0118722932221,0.339225444947,3.12535427125,1.1875
0.001765625,0.001765625,0.0118722932221,0.339225444947,9.62630679306e-05,0.00176299888326,0.01196855629,0.340988443831,3.12535427125,1.1875
0.00164791666667,0.00164791666667,0.01196855629,0.340988443831,8.98455300685e-05,0.00164546562438,0.0120584018201,0.342633909455,3.12535427125,1.1875
0.0014125,0.00153020833333,0.0120584018201,0.342633909455,8.18008809358e-05,0.00146910778161,0.012140202701,0.344103017237,3.16647737829,1.1875
0.0014125,0.0014125,0.012140202701,0.344103017237,7.80227252735e-05,0.00141034347034,0.0122182254263,0.345513360707,3.16647737829,1.1875
0.00117708333333,0.00129479166667,0.0122182254263,0.345513360707,6.95984241249e-05,0.00123400121911,0.0122878238504,0.346747361926,3.20760048534,1.1875
0.00117708333333,0.00117708333333,0.0122878238504,0.346747361926,6.58624633416e-05,0.00117523925629,0.0123536863138,0.347922601182,3.20760048534,1.1875
0.001059375,0.001059375,0.0123536863138,0.347922601182,5.92762170074e-05,0.00105771533066,0.0124129625308,0.348980316513,3.20760048534,1.1875
0.000941666666667,0.000941666666667,0.0124129625308,0.348980316513,5.26899706732e-05,0.000940191405035,0.0124656525015,0.349920507918,3.20760048534,1.1875
0.000823958333333,0.000823958333333,0.0124656525015,0.349920507918,4.61037243391e-05,0.000822667479406,0.0125117562258,0.350743175397,3.20760048534,1.1875
0.000823958333333,0.000823958333333,0.0125117562258,0.350743175397,4.61037243391e-05,0.000822667479406,0.0125578599501,0.351565842877,3.20760048534,1.1875
0.000588541666667,0.00070625,0.0125578599501,0.351565842877,3.69202284056e-05,0.000646355425038,0.0125947801785,0.352212198302,3.24872359238,1.1875
0.00070625,0.000470833333333,0.0125947801785,0.352212198302,3.2087689962e-05,0.000587643112619,0.0126268678685,0.352799841415,3.16647742066,1.1875
0.000470833333333,0.000470833333333,0.0126268678685,0.352799841415,2.60075754388e-05,0.000470114490095,0.0126528754439,0.353269955905,3.16647742066,1.1875
0.000470833333333,0.000353125,0.0126528754439,0.353269955905,2.2313755629e-05,0.000411366406077,0.0126751891996,0.353681322311,3.12535431361,1.1875
0.000235416666667,0.000117708333333,0.0126751891996,0.353681322311,9.43649684665e-06,0.000176306752033,0.0126846256964,0.353857629063,3.08423120657,1.1875
0.000235416666667,0.000117708333333,0.0126846256964,0.353857629063,9.30995070546e-06,0.000176313524924,0.0126939356471,0.354033942588,3.04310809952,1.1875
0.000117708333333,0.0,0.0126939356471,0.354033942588,3.06113325611e-06,5.87734023293e-05,0.0126969967804,0.35409271599,3.00198499248,1.1875
0.0,0.0,0.0126969967804,0.35409271599,0.0,0.0,0.0126969967804,0.35409271599,3.00198499248,1.1875
0.0,0.0,0.0126969967804,0.35409271599,0.0,0.0,0.0126969967804,0.35409271599,3.00198499248,1.1875
0.0,0.0,0.0126969967804,0.35409271599,0.0,0.0,0.0126969967804,0.35409271599,3.00198499248,1.1875
0.0,0.0,0.0126969967804,0.35409271599,0.0,0.0,0.0126969967804,0.35409271599,3.00198499248,1.1875
0.0,0.0,0.0126969967804,0.35409271599,0.0,0.0,0.0126969967804,0.35409271599,3.00198499248,1.1875
0.0,0.0,0.0126969967804,0.35409271599,0.0,0.0,0.0126969967804,0.35409271599,3.00198499248,1.1875
0.0,0.0,0.0126969967804,0.35409271599,0.0,0.0,0.0126969967804,0.35409271599,3.00198499248,1.1875
0.0,0.0,0.0126969967804,0.35409271599,0.0,0.0,0.0126969967804,0.35409271599,3.00198499248,1.1875
0.0,0.0,0.0126969967804,0.35409271599,0.0,0.0,0.0126969967804,0.35409271599,3.00198499248,1.1875
0.0,0.0,0.0126969967804,0.35409271599,0.0,0.0,0.0126969967804,0.35409271599,3.00198499248,1.1875
0.0,0.0,0.0126969967804,0.35409271599,0.0,0.0,0.0126969967804,0.35409271599,3.00198499248,1.1875
0.0,0.0,0.0126969967804,0.35409271599,0.0,0.0,0.0126969967804,0.35409271599,3.00198499248,1.1875
0.0,0.0,0.0126969967804,0.35409271599,0.0,0.0,0.0126969967804,0.35409271599,3.00198499248,1.1875
