deltaR,deltaL,prevx,prevy,dx,dy,x,y,degrees,gyro
0.0,0.0,0,0,0.0,0.0,0.0,0.0,0.0,0.0
0.000117708333333,0.000235416666667,0.0,0.0,1.90087225799e-07,0.000176562454523,1.90087225799e-07,0.000176562454523,0.0411231070454,0.0
0.000353125,0.000470833333333,1.90087225799e-07,0.000176562454523,7.39227846457e-07,0.000411978742212,9.29315072256e-07,0.000588541196734,0.0822462140908,0.0
0.000588541666667,0.00070625,9.29315072256e-07,0.000588541196734,1.62630042443e-06,0.000647394332582,2.55561549669e-06,0.00123593552932,0.123369321136,0.0
0.000588541666667,0.000588541666667,2.55561549669e-06,0.00123593552932,1.26724743758e-06,0.000588540302347,3.82286293426e-06,0.00182447583166,0.123369321136,0.0
0.00070625,0.00070625,3.82286293426e-06,0.00182447583166,1.52069692509e-06,0.000706248362816,5.34355985936e-06,0.00253072419448,0.123369321136,0.0
0.00070625,0.00070625,5.34355985936e-06,0.00253072419448,1.52069692509e-06,0.000706248362816,6.86425678445e-06,0.0032369725573,0.123369321136,0.0625
0.000941666666667,0.001059375,6.86425678445e-06,0.0032369725573,3.23147784457e-06,0.00100051671006,1.0095734629e-05,0.00423748926735,0.164492428182,0.0625
0.00117708333333,0.00129479166667,1.0095734629e-05,0.00423748926735,4.87889373332e-06,0.00123592954147,1.49746283623e-05,0.00547341880883,0.205615535227,0.0625
0.00129479166667,0.00129479166667,1.49746283623e-05,0.00547341880883,4.64656755474e-06,0.00129478332916,1.96211959171e-05,0.00676820213799,0.205615535227,0.0625
0.0014125,0.00129479166667,1.96211959171e-05,0.00676820213799,3.40044634199e-06,0.00135364025478,2.30216422591e-05,0.00812184239277,0.164492428182,0.0625
0.00129479166667,0.00129479166667,2.30216422591e-05,0.00812184239277,3.71725691616e-06,0.00129478633066,2.67388991752e-05,0.00941662872344,0.164492428182,0.0625
0.00153020833333,0.00153020833333,2.67388991752e-05,0.00941662872344,4.39312181001e-06,0.00153020202715,3.11320209852e-05,0.0109468307506,0.164492428182,0.0625
0.00153020833333,0.00164791666667,3.11320209852e-05,0.0109468307506,6.27286337141e-06,0.00158905226761,3.74048843566e-05,0.0125358830182,0.205615535227,0.0625
0.001765625,0.001765625,3.74048843566e-05,0.0125358830182,6.33622848373e-06,0.00176561363068,4.37411128404e-05,0.0143014966489,0.205615535227,0.0625
0.001765625,0.001765625,4.37411128404e-05,0.0143014966489,6.33622848373e-06,0.00176561363068,5.00773413241e-05,0.0160671102795,0.205615535227,0.125
0.00188333333333,0.001765625,5.00773413241e-05,0.0160671102795,4.58321028703e-06,0.00182447164775,5.46605516111e-05,0.0178915819273,0.164492428182,0.125
0.00188333333333,0.001765625,5.46605516111e-05,0.0178915819273,3.27372332002e-06,0.00182447493728,5.79342749312e-05,0.0197160568646,0.123369321136,0.125
0.00188333333333,0.00188333333333,5.79342749312e-05,0.0197160568646,4.05519180025e-06,0.00188332896751,6.19894667314e-05,0.0215993858321,0.123369321136,0.125
0.00211875,0.00200104166667,6.19894667314e-05,0.0215993858321,2.21768430099e-06,0.00205989371106,6.42071510324e-05,0.0236592795431,0.0822462140908,0.125
0.00211875,0.00211875,6.42071510324e-05,0.0236592795431,3.04139515581e-06,0.00211874781709,6.72485461882e-05,0.0257780273602,0.0822462140908,0.125
0.00200104166667,0.00211875,6.72485461882e-05,0.0257780273602,5.17459225955e-06,0.00205989105821,7.24231384478e-05,0.0278379184184,0.123369321136,0.125
0.00211875,0.00211875,7.24231384478e-05,0.0278379184184,4.56209077528e-06,0.00211874508845,7.6985229223e-05,0.0299566635069,0.123369321136,0.1875
0.00211875,0.00223645833333,7.6985229223e-05,0.0299566635069,7.03321648524e-06,0.00217759519248,8.40184457083e-05,0.0321342586994,0.164492428182,0.125
0.00223645833333,0.00223645833333,8.40184457083e-05,0.0321342586994,6.42071649155e-06,0.0022364491166,9.04391621998e-05,0.034370707816,0.164492428182,0.1875
0.00223645833333,0.00235416666667,9.04391621998e-05,0.034370707816,9.06080264759e-06,0.00229529771988,9.94999648474e-05,0.0366660055359,0.205615535227,0.1875
0.00235416666667,0.00235416666667,9.94999648474e-05,0.0366660055359,8.44830464498e-06,0.00235415150757,0.000107948269492,0.0390201570434,0.205615535227,0.1875
0.00235416666667,0.00235416666667,0.000107948269492,0.0390201570434,8.44830464498e-06,0.00235415150757,0.000116396574137,0.041374308551,0.205615535227,0.25
0.00223645833333,0.00223645833333,0.000116396574137,0.041374308551,8.02588941273e-06,0.00223644393219,0.00012442246355,0.0436107524832,0.205615535227,0.25
0.00235416666667,0.002471875,0.00012442246355,0.0436107524832,1.12573492669e-05,0.00241299845852,0.000135679812817,0.0460237509417,0.246738642272,0.25
0.002471875,0.002471875,0.000135679812817,0.0460237509417,1.06448537994e-05,0.00247185207946,0.000146324666616,0.0484956030212,0.246738642272,0.25
0.00235416666667,0.002471875,0.000146324666616,0.0484956030212,1.29892335411e-05,0.00241299037874,0.000159313900157,0.0509085933999,0.287861749318,0.25
0.00235416666667,0.002471875,0.000159313900157,0.0509085933999,1.47211111239e-05,0.00241298105593,0.000174035011281,0.0533215744558,0.328984856363,0.25
0.00235416666667,0.002471875,0.000174035011281,0.0533215744558,1.64529811234e-05,0.00241297049009,0.000190487992405,0.0557345449459,0.370107963409,0.3125
0.002471875,0.00258958333333,0.000190487992405,0.0557345449459,1.90719081421e-05,0.00253066398276,0.000209559900547,0.0582652089287,0.411231070454,0.3125
0.00235416666667,0.002471875,0.000209559900547,0.0582652089287,1.99166948032e-05,0.00241294562936,0.00022947659535,0.060678154558,0.4523541775,0.3125
0.00258958333333,0.002471875,0.00022947659535,0.060678154558,1.72555655684e-05,0.00253066398276,0.000246732160918,0.0632088185408,0.411231070454,0.3125
0.002471875,0.00258958333333,0.000246732160918,0.0632088185408,2.08882408911e-05,0.00253065029421,0.00026762040181,0.065739468835,0.4523541775,0.375
0.00258958333333,0.00258958333333,0.00026762040181,0.065739468835,2.04447287289e-05,0.00258950262663,0.000288065130538,0.0683289714616,0.4523541775,0.375
0.00258958333333,0.00258958333333,0.000288065130538,0.0683289714616,2.04447287289e-05,0.00258950262663,0.000308509859267,0.0709184740883,0.4523541775,0.375
0.002471875,0.002471875,0.000308509859267,0.0709184740883,1.95154228776e-05,0.00247179796179,0.000328025282145,0.0733902720501,0.4523541775,0.4375
0.00258958333333,0.00258958333333,0.000328025282145,0.0733902720501,2.04447287289e-05,0.00258950262663,0.000348470010874,0.0759797746767,0.4523541775,0.4375
0.00258958333333,0.00258958333333,0.000348470010874,0.0759797746767,2.04447287289e-05,0.00258950262663,0.000368914739603,0.0785692773033,0.4523541775,0.4375
0.00258958333333,0.00258958333333,0.000368914739603,0.0785692773033,2.04447287289e-05,0.00258950262663,0.000389359468331,0.08115877993,0.4523541775,0.4375
0.00294270833333,0.00294270833333,0.000389359468331,0.08115877993,2.32326462828e-05,0.00294261662118,0.000412592114614,0.0841013965511,0.4523541775,0.5
0.00294270833333,0.00306041666667,0.000412592114614,0.0841013965511,2.69286676016e-05,0.00300145117216,0.000439520782216,0.0871028477233,0.493477284545,0.5
0.00294270833333,0.00306041666667,0.000439520782216,0.0871028477233,2.90828960881e-05,0.00300143184455,0.000468603678304,0.0901042795679,0.53460039159,0.5
0.00294270833333,0.00306041666667,0.000468603678304,0.0901042795679,3.12371095928e-05,0.00300141097078,0.000499840787897,0.0931056905386,0.575723498636,0.5
0.00306041666667,0.003178125,0.000499840787897,0.0931056905386,3.47007700258e-05,0.00311909006266,0.000534541557922,0.0962247806013,0.616846605681,0.5
0.00294270833333,0.00306041666667,0.000534541557922,0.0962247806013,3.55454872179e-05,0.00300136458479,0.00057008704514,0.0992261451861,0.657969712727,0.5
0.00306041666667,0.00306041666667,0.00057008704514,0.0992261451861,3.51442502987e-05,0.00306021487077,0.000605231295439,0.102286360057,0.657969712727,0.5
0.00306041666667,0.003178125,0.000605231295439,0.102286360057,3.91780667313e-05,0.00311903864408,0.00064440936217,0.105405398701,0.699092819772,0.5625
0.00294270833333,0.003178125,0.00064440936217,0.105405398701,4.39297663484e-05,0.00306013210424,0.000688339128519,0.108465530805,0.781338991494,0.5625
0.00306041666667,0.003178125,0.000688339128519,0.108465530805,4.58938552334e-05,0.00311894946569,0.000734232983752,0.111584480271,0.82246209854,0.5625
0.00306041666667,0.003178125,0.000734232983752,0.111584480271,4.81324064235e-05,0.00311891652612,0.000782365390176,0.114703396797,0.863585205585,0.5625
0.00306041666667,0.003178125,0.000782365390176,0.114703396797,5.03709328186e-05,0.00311888197988,0.000832736322994,0.117822278777,0.904708312631,0.5625
0.00329583333333,0.00341354166667,0.000832736322994,0.117822278777,5.65799565309e-05,0.00335423041768,0.000889316279525,0.121176509195,0.945831419676,0.5625
0.00353125,0.00353125,0.000889316279525,0.121176509195,5.82907770087e-05,0.00353076886072,0.000947607056534,0.124707278055,0.945831419676,0.625
0.00353125,0.00364895833333,0.000947607056534,0.124707278055,6.3126835911e-05,0.00358957154928,0.00101073389244,0.128296849605,0.986954526722,0.5625
0.00353125,0.00353125,0.00101073389244,0.128296849605,6.08249132809e-05,0.00353072611405,0.00107155880573,0.131827575719,0.986954526722,0.5625
0.00353125,0.00364895833333,0.00107155880573,0.131827575719,6.57031595065e-05,0.00358952624103,0.00113726196523,0.13541710196,1.02807763377,0.625
0.00364895833333,0.00364895833333,0.00113726196523,0.13541710196,6.54709854936e-05,0.00364837093351,0.00120273295073,0.139065472893,1.02807763377,0.625
0.00353125,0.00364895833333,0.00120273295073,0.139065472893,6.82794492556e-05,0.00358947908367,0.00127101239998,0.142654951977,1.06920074081,0.625
0.00353125,0.00364895833333,0.00127101239998,0.142654951977,7.08557038312e-05,0.00358943007721,0.00134186810381,0.146244382054,1.11032384786,0.625
0.00341354166667,0.00364895833333,0.00134186810381,0.146244382054,7.60290233066e-05,0.00353048509887,0.00141789712712,0.149774867153,1.19257001958,0.6875
0.00353125,0.00364895833333,0.00141789712712,0.149774867153,7.85842405909e-05,0.00358927196362,0.00149648136771,0.153364139117,1.23369312663,0.6875
0.00341354166667,0.00376666666667,0.00149648136771,0.153364139117,8.8888370945e-05,0.00358909720939,0.00158536973866,0.156953236326,1.35706227829,0.6875
0.00341354166667,0.00353125,0.00158536973866,0.156953236326,8.5974003261e-05,0.00347136197286,0.00167134374192,0.160424598299,1.39818538533,0.6875
0.00353125,0.00364895833333,0.00167134374192,0.160424598299,9.14643016648e-05,0.0035889714619,0.00176280804358,0.164013569761,1.43930849238,0.6875
0.00341354166667,0.00364895833333,0.00176280804358,0.164013569761,9.62989201713e-05,0.00353000490411,0.00185910696375,0.167543574665,1.5215546641,0.75
0.00341354166667,0.00364895833333,0.00185910696375,0.167543574665,0.000101365925069,0.00352986667025,0.00196047288882,0.171073441335,1.60380083582,0.75
0.00353125,0.00364895833333,0.00196047288882,0.171073441335,0.000104343190123,0.00358862473945,0.00206481607894,0.174662066074,1.64492394287,0.75
0.00353125,0.00364895833333,0.00206481607894,0.174662066074,0.000106918812929,0.00358854984884,0.00217173489187,0.178250615923,1.68604704992,0.8125
0.00376666666667,0.003884375,0.00217173489187,0.178250615923,0.000116674340044,0.00382378282172,0.00228840923192,0.182074398745,1.72717015696,0.8125
0.00376666666667,0.00376666666667,0.00228840923192,0.182074398745,0.000113528240011,0.00376495539369,0.00240193747193,0.185839354139,1.72717015696,0.8125
0.00364895833333,0.00376666666667,0.00240193747193,0.185839354139,0.000115744314667,0.00370604680122,0.00251768178659,0.18954540094,1.76829326401,0.875
0.003884375,0.00376666666667,0.00251768178659,0.18954540094,0.000113929882629,0.00382378282172,0.00263161166922,0.193369183762,1.72717015696,0.875
0.00376666666667,0.003884375,0.00263161166922,0.193369183762,0.000119418737355,0.00382369908063,0.00275103040658,0.197192882842,1.76829326401,0.875
0.00364895833333,0.003884375,0.00275103040658,0.197192882842,0.000124336693326,0.00376470221719,0.0028753670999,0.200957585059,1.85053943573,0.9375
0.00364895833333,0.00376666666667,0.0028753670999,0.200957585059,0.000123723811648,0.00370579185332,0.00299909091155,0.204663376913,1.89166254277,0.9375
0.00364895833333,0.00376666666667,0.00299909091155,0.204663376913,0.000126383519245,0.00370570305258,0.0031254744308,0.208369079965,1.93278564982,0.9375
0.00376666666667,0.003884375,0.0031254744308,0.208369079965,0.000133139770045,0.00382325082996,0.00325861420084,0.212192330795,1.97390875686,1.0
0.00364895833333,0.003884375,0.00325861420084,0.212192330795,0.000137845810822,0.00376424146985,0.00339646001166,0.215956572265,2.05615492859,1.0
0.00376666666667,0.00376666666667,0.00339646001166,0.215956572265,0.000135144124611,0.00376424146985,0.00353160413628,0.219720813735,2.05615492859,1.0625
0.00353125,0.00376666666667,0.00353160413628,0.219720813735,0.000138772438546,0.00364641723443,0.00367037657482,0.223367230969,2.13840110031,1.0625
0.00364895833333,0.00376666666667,0.00367037657482,0.223367230969,0.000142340344181,0.00370513016185,0.003812716919,0.227072361131,2.17952420735,1.125
0.00364895833333,0.00376666666667,0.003812716919,0.227072361131,0.00014499956727,0.0037050279994,0.00395771648627,0.230777389131,2.2206473144,1.125
0.00364895833333,0.00376666666667,0.00395771648627,0.230777389131,0.000147658715663,0.00370492392834,0.00410537520194,0.234482313059,2.26177042145,1.125
0.00376666666667,0.00364895833333,0.00410537520194,0.234482313059,0.000142340344181,0.0037050279994,0.00424771554612,0.238187341058,2.2206473144,1.1875
0.00364895833333,0.00364895833333,0.00424771554612,0.238187341058,0.000141389489342,0.00364621803115,0.00438910503546,0.24183355909,2.2206473144,1.1875
0.00364895833333,0.00364895833333,0.00438910503546,0.24183355909,0.000141389489342,0.00364621803115,0.0045304945248,0.245479777121,2.2206473144,1.1875
0.00376666666667,0.00353125,0.0045304945248,0.245479777121,0.00013353813193,0.00364641723433,0.00466403265673,0.249126194355,2.13840114268,1.1875
0.00364895833333,0.00376666666667,0.00466403265673,0.249126194355,0.000142340346921,0.00370513016174,0.00480637300365,0.252831324517,2.17952424972,1.25
0.00364895833333,0.00364895833333,0.00480637300365,0.252831324517,0.000138772442591,0.00364631857187,0.00494514544624,0.256477643089,2.17952424972,1.25
0.00364895833333,0.00364895833333,0.00494514544624,0.256477643089,0.000138772442591,0.00364631857187,0.00508391788883,0.260123961661,2.17952424972,1.25
0.00353125,0.00364895833333,0.00508391788883,0.260123961661,0.000140396409057,0.00358740806281,0.00522431429789,0.263711369723,2.22064735677,1.3125
0.00364895833333,0.00364895833333,0.00522431429789,0.263711369723,0.000141389492038,0.00364621803105,0.00536570378993,0.267357587754,2.22064735677,1.3125
0.00364895833333,0.00376666666667,0.00536570378993,0.267357587754,0.000147658718402,0.00370492392823,0.00551336250833,0.271062511683,2.26177046381,1.3125
0.00364895833333,0.00364895833333,0.00551336250833,0.271062511683,0.00014400646865,0.00364611561191,0.00565736897698,0.274708627295,2.26177046381,1.375
0.00353125,0.00376666666667,0.00565736897698,0.274708627295,0.000151856943947,0.00364590513899,0.00580922592093,0.278354532434,2.34401663554,1.375
0.00353125,0.00364895833333,0.00580922592093,0.278354532434,0.000150694883132,0.00358699390642,0.00595992080406,0.28194152634,2.38513974258,1.375
0.00353125,0.00353125,0.00595992080406,0.28194152634,0.000146958334157,0.00352819072763,0.00610687913822,0.285469717068,2.38513974258,1.375
0.00364895833333,0.00376666666667,0.00610687913822,0.285469717068,0.000158294534886,0.00370448855904,0.0062651736731,0.289174205627,2.42626284963,1.4375
0.00376666666667,0.00364895833333,0.0062651736731,0.289174205627,0.000152976782884,0.00370460026401,0.00641815045599,0.292878805891,2.38513974258,1.4375
0.00353125,0.00364895833333,0.00641815045599,0.292878805891,0.000153269311557,0.00358688574764,0.00657141976754,0.296465691638,2.42626284963,1.4375
0.00364895833333,0.00364895833333,0.00657141976754,0.296465691638,0.000154473617084,0.00364568715334,0.00672589338463,0.300111378792,2.42626284963,1.5
0.00364895833333,0.00364895833333,0.00672589338463,0.300111378792,0.000154473617084,0.00364568715334,0.00688036700171,0.303757065945,2.42626284963,1.5
0.00376666666667,0.00376666666667,0.00688036700171,0.303757065945,0.00015945663699,0.00376328996474,0.0070398236387,0.30752035591,2.42626284963,1.5
0.00364895833333,0.00364895833333,0.0070398236387,0.30752035591,0.000154473617084,0.00364568715334,0.00719429725579,0.311166043063,2.42626284963,1.5
0.00364895833333,0.00364895833333,0.00719429725579,0.311166043063,0.000154473617084,0.00364568715334,0.00734877087287,0.314811730216,2.42626284963,1.5
0.00353125,0.00376666666667,0.00734877087287,0.314811730216,0.000162323145561,0.00364546165563,0.00751109401843,0.318457191872,2.50850902135,1.5
0.00364895833333,0.00376666666667,0.00751109401843,0.318457191872,0.000166270545147,0.00370414199447,0.00767736456358,0.322161333866,2.5496321284,1.5
0.00364895833333,0.00376666666667,0.00767736456358,0.322161333866,0.000168929046667,0.00370402265651,0.00784629361024,0.325865356523,2.59075523544,1.5
0.00364895833333,0.00376666666667,0.00784629361024,0.325865356523,0.000171587461164,0.00370390141046,0.00801788107141,0.329569257933,2.63187834249,1.5
0.00364895833333,0.00364895833333,0.00801788107141,0.329569257933,0.000167555752738,0.00364510932458,0.00818543682415,0.333214367258,2.63187834249,1.5
0.00353125,0.00376666666667,0.00818543682415,0.333214367258,0.000175404006709,0.0036448650485,0.00836084083085,0.336859232307,2.71412451421,1.5
0.00364895833333,0.00364895833333,0.00836084083085,0.336859232307,0.000172788010613,0.0036448650485,0.00853362884147,0.340504097355,2.71412451421,1.5
0.00364895833333,0.00376666666667,0.00853362884147,0.340504097355,0.000179562166091,0.00370352622449,0.00871319100756,0.34420762358,2.75524762125,1.5625
0.00364895833333,0.00376666666667,0.00871319100756,0.34420762358,0.000182220218805,0.00370339734669,0.00889541122636,0.347911020926,2.7963707283,1.5625
0.00364895833333,0.00376666666667,0.00889541122636,0.347911020926,0.00018487817765,0.00370326656111,0.00908028940401,0.351614287487,2.83749383534,1.5625
0.00364895833333,0.00364895833333,0.00908028940401,0.351614287487,0.000180635730522,0.00364448455221,0.00926092513453,0.35525877204,2.83749383534,1.5625
0.00364895833333,0.00364895833333,0.00926092513453,0.35525877204,0.000180635730522,0.00364448455221,0.00944156086506,0.358903256592,2.83749383534,1.5625
0.00364895833333,0.00376666666667,0.00944156086506,0.358903256592,0.000187536041257,0.00370313386783,0.00962909690631,0.36260639046,2.87861694239,1.5625
0.00376666666667,0.003884375,0.00962909690631,0.36260639046,0.00019623170693,0.0038205547992,0.00982532861324,0.366426945259,2.91974004944,1.5625
0.002471875,0.002471875,0.00982532861324,0.366426945259,0.000125909957945,0.00246866617794,0.00995123857119,0.368895611437,2.91974004944,1.5625
0.00235416666667,0.00235416666667,0.00995123857119,0.368895611437,0.000119914245662,0.00235111064566,0.0100711528169,0.371246722082,2.91974004944,1.5625
0.00211875,0.00211875,0.0100711528169,0.371246722082,0.000107922821096,0.00211599958109,0.0101790756379,0.373362721663,2.91974004944,1.5625
0.00211875,0.00200104166667,0.0101790756379,0.373362721663,0.000102710098694,0.00205729659324,0.0102817857366,0.375420018257,2.87861694239,1.5625
0.00188333333333,0.00188333333333,0.0102817857366,0.375420018257,9.4581395019e-05,0.00188095688525,0.0103763671317,0.377300975142,2.87861694239,1.5625
0.001765625,0.00188333333333,0.0103763671317,0.377300975142,9.35874294591e-05,0.00182211075039,0.0104699545611,0.379123085892,2.91974004944,1.5625
0.001765625,0.001765625,0.0104699545611,0.379123085892,8.99356842465e-05,0.00176333298424,0.0105598902454,0.380886418877,2.91974004944,1.5625
0.001765625,0.001765625,0.0105598902454,0.380886418877,8.99356842465e-05,0.00176333298424,0.0106498259296,0.382649751861,2.91974004944,1.5625
0.0014125,0.00153020833333,0.0106498259296,0.382649751861,7.65283639992e-05,0.0014693899835,0.0107263542936,0.384119141844,2.96086315648,1.5625
0.0014125,0.0014125,0.0107263542936,0.384119141844,7.29610114664e-05,0.00141061438416,0.0107993153051,0.385529756228,2.96086315648,1.5625
0.00129479166667,0.00129479166667,0.0107993153051,0.385529756228,6.68809271776e-05,0.00129306318548,0.0108661962323,0.386822819414,2.96086315648,1.5625
0.00117708333333,0.00117708333333,0.0108661962323,0.386822819414,6.08008428887e-05,0.0011755119868,0.0109269970751,0.387998331401,2.96086315648,1.5625
0.000941666666667,0.00117708333333,0.0109269970751,0.387998331401,5.69986308841e-05,0.00105788114834,0.010983995706,0.389056212549,3.0431093282,1.5625
0.000941666666667,0.000941666666667,0.010983995706,0.389056212549,4.99905501898e-05,0.00094033879852,0.0110339862562,0.389996551348,3.0431093282,1.5625
0.000823958333333,0.000823958333333,0.0110339862562,0.389996551348,4.3741731416e-05,0.000822796448705,0.0110777279876,0.390819347796,3.0431093282,1.5625
0.00070625,0.000823958333333,0.0110777279876,0.390819347796,4.14398482656e-05,0.000763995924592,0.0111191678359,0.391583343721,3.08423243525,1.5625
0.000588541666667,0.000588541666667,0.0111191678359,0.391583343721,3.1665906264e-05,0.000587689172763,0.0111508337422,0.392171032894,3.08423243525,1.5625
0.000470833333333,0.000588541666667,0.0111508337422,0.392171032894,2.90687347831e-05,0.000528899664337,0.0111799024769,0.392699932558,3.12535554229,1.5625
0.000470833333333,0.000588541666667,0.0111799024769,0.392699932558,2.94483288693e-05,0.00052887880073,0.0112093508058,0.393228811359,3.16647864934,1.5625
0.000470833333333,0.000353125,0.0112093508058,0.393228811359,2.23137644507e-05,0.000411366405596,0.0112316645703,0.393640177764,3.12535554229,1.5625
0.000235416666667,0.000235416666667,0.0112316645703,0.393640177764,1.28350809388e-05,0.000235066517483,0.0112444996512,0.393875244282,3.12535554229,1.5625
0.000117708333333,0.000117708333333,0.0112444996512,0.393875244282,6.41754046939e-06,0.000117533258742,0.0112509171917,0.393992777541,3.12535554229,1.5625
0.000117708333333,0.0,0.0112509171917,0.393992777541,3.14550020918e-06,5.87689172763e-05,0.0112540626919,0.394051546458,3.08423243525,1.5625
0.000117708333333,0.0,0.0112540626919,0.394051546458,3.10331816216e-06,5.87711749075e-05,0.01125716601,0.394110317633,3.0431093282,1.5625
0.0,0.0,0.01125716601,0.394110317633,0.0,0.0,0.01125716601,0.394110317633,3.0431093282,1.5625
0.0,0.0,0.01125716601,0.394110317633,0.0,0.0,0.01125716601,0.394110317633,3.0431093282,1.5625
0.0,0.0,0.01125716601,0.394110317633,0.0,0.0,0.01125716601,0.394110317633,3.0431093282,1.5625
0.0,0.0,0.01125716601,0.394110317633,0.0,0.0,0.01125716601,0.394110317633,3.0431093282,1.5625
0.0,0.0,0.01125716601,0.394110317633,0.0,0.0,0.01125716601,0.394110317633,3.0431093282,1.5625
0.0,0.0,0.01125716601,0.394110317633,0.0,0.0,0.01125716601,0.394110317633,3.0431093282,1.5625
0.0,0.0,0.01125716601,0.394110317633,0.0,0.0,0.01125716601,0.394110317633,3.0431093282,1.5625
0.0,0.0,0.01125716601,0.394110317633,0.0,0.0,0.01125716601,0.394110317633,3.0431093282,1.5625
0.0,0.0,0.01125716601,0.394110317633,0.0,0.0,0.01125716601,0.394110317633,3.0431093282,1.5625
0.0,0.0,0.01125716601,0.394110317633,0.0,0.0,0.01125716601,0.394110317633,3.0431093282,1.5625
0.0,0.0,0.01125716601,0.394110317633,0.0,0.0,0.01125716601,0.394110317633,3.0431093282,1.5625
0.0,0.0,0.01125716601,0.394110317633,0.0,0.0,0.01125716601,0.394110317633,3.0431093282,1.5625
