deltaR,deltaL,prevx,prevy,dx,dy,x,y,degrees,gyro
0.0,0.0,0,0,0.0,0.0,0.0,0.0,0.0,0.0
0.0,0.000235416666667,0.0,0.0,2.53449356954e-07,0.000117708212061,2.53449356954e-07,0.000117708212061,0.0822461717224,0.0
0.000353125,0.000470833333333,2.53449356954e-07,0.000117708212061,1.03491814727e-06,0.000411978211644,1.28836750422e-06,0.000529686423704,0.123369278768,0.0
0.000470833333333,0.00070625,1.28836750422e-06,0.000529686423704,2.53448791184e-06,0.000588537876896,3.82285541606e-06,0.0011182243006,0.20561545049,0.0
0.00070625,0.00070625,3.82285541606e-06,0.0011182243006,2.534490349e-06,0.000706245452275,6.35734576506e-06,0.00182446975287,0.20561545049,0.0
0.000588541666667,0.00070625,6.35734576506e-06,0.00182446975287,3.02026348002e-06,0.000647389830338,9.37760924508e-06,0.00247185958321,0.246738557536,0.0625
0.000823958333333,0.000823958333333,9.37760924508e-06,0.00247185958321,3.54828338122e-06,0.000823950693157,1.29258926263e-05,0.00329581027637,0.246738557536,0.0625
0.000941666666667,0.000941666666667,1.29258926263e-05,0.00329581027637,4.05518100711e-06,0.000941657935037,1.69810736334e-05,0.00423746821141,0.246738557536,0.0625
0.00117708333333,0.00117708333333,1.69810736334e-05,0.00423746821141,5.06897625889e-06,0.0011770724188,2.20500498923e-05,0.0054145406302,0.246738557536,0.0625
0.00129479166667,0.00129479166667,2.20500498923e-05,0.0054145406302,5.57587388478e-06,0.00129477966068,2.76259237771e-05,0.00670932029088,0.246738557536,0.0625
0.0014125,0.00129479166667,2.76259237771e-05,0.00670932029088,4.37199743482e-06,0.00135363711686,3.19979212119e-05,0.00806295740774,0.20561545049,0.0625
0.00129479166667,0.00129479166667,3.19979212119e-05,0.00806295740774,4.64656563984e-06,0.00129478332917,3.66444868517e-05,0.00935774073691,0.20561545049,0.0625
0.00153020833333,0.00153020833333,3.66444868517e-05,0.00935774073691,5.49139575617e-06,0.00153019847993,4.21358826079e-05,0.0108879392168,0.20561545049,0.0625
0.00153020833333,0.00153020833333,4.21358826079e-05,0.0108879392168,5.49139575617e-06,0.00153019847993,4.76272783641e-05,0.0124181376968,0.20561545049,0.0625
0.001765625,0.001765625,4.76272783641e-05,0.0124181376968,6.3362258725e-06,0.00176561363069,5.39635042366e-05,0.0141837513275,0.20561545049,0.0625
0.001765625,0.00188333333333,5.39635042366e-05,0.0141837513275,8.5116516255e-06,0.00182446224913,6.24751558621e-05,0.0160082135766,0.246738557536,0.0625
0.001765625,0.001765625,6.24751558621e-05,0.0160082135766,7.60346438833e-06,0.00176560862819,7.00786202504e-05,0.0177738222048,0.246738557536,0.0625
0.00188333333333,0.00200104166667,7.00786202504e-05,0.0177738222048,1.04547460754e-05,0.00194216298778,8.05333663258e-05,0.0197159851926,0.287861664581,0.0625
0.00188333333333,0.00188333333333,8.05333663258e-05,0.0197159851926,9.46207891979e-06,0.00188330956391,8.99954452456e-05,0.0215992947565,0.287861664581,0.0625
0.00200104166667,0.00211875,8.99954452456e-05,0.0215992947565,1.25667991326e-05,0.00205986187703,0.000102562244378,0.0236591566335,0.328984771627,0.0625
0.00211875,0.00211875,0.000102562244378,0.0236591566335,1.21655148199e-05,0.00211871507352,0.000114727759198,0.025777871707,0.328984771627,0.0625
0.00211875,0.00223645833333,0.000114727759198,0.025777871707,1.48478090128e-05,0.00217755873498,0.000129575568211,0.027955430442,0.370107878672,0.0625
0.00211875,0.00235416666667,0.000129575568211,0.027955430442,1.92619320022e-05,0.00223638863213,0.000148837500213,0.0301918190741,0.452354050394,0.125
0.00211875,0.00223645833333,0.000148837500213,0.0301918190741,1.95364795078e-05,0.00217752339945,0.000168373979721,0.0323693424736,0.49347715744,0.125
0.00223645833333,0.00223645833333,0.000168373979721,0.0323693424736,1.92619328291e-05,0.00223637538322,0.00018763591255,0.0346057178568,0.49347715744,0.125
0.00223645833333,0.00235416666667,0.00018763591255,0.0346057178568,2.22398566227e-05,0.00229521258706,0.000209875769173,0.0369009304439,0.534600264485,0.125
0.00223645833333,0.00235416666667,0.000209875769173,0.0369009304439,2.38871963616e-05,0.00229519662477,0.000233762965534,0.0391961270686,0.575723371531,0.125
0.00235416666667,0.00235416666667,0.000233762965534,0.0391961270686,2.36549004895e-05,0.00235404782027,0.000257417866024,0.0415501748889,0.575723371531,0.125
0.00235416666667,0.002471875,0.000257417866024,0.0415501748889,2.6843986554e-05,0.00241288099192,0.000284261852578,0.0439630558808,0.616846478576,0.125
0.00235416666667,0.002471875,0.000284261852578,0.0439630558808,2.85757784891e-05,0.00241286172509,0.000312837631067,0.0463759176059,0.657969585621,0.125
0.00235416666667,0.002471875,0.000312837631067,0.0463759176059,3.03075557037e-05,0.0024128412153,0.000343145186771,0.0487887588212,0.699092692667,0.125
0.00235416666667,0.002471875,0.000343145186771,0.0487887588212,3.20393173055e-05,0.00241281946254,0.000375184504076,0.0512015782838,0.740215799712,0.1875
0.002471875,0.002471875,0.000375184504076,0.0512015782838,3.19337662805e-05,0.00247166871773,0.000407118270357,0.0536732470015,0.740215799712,0.1875
0.002471875,0.00258958333333,0.000407118270357,0.0536732470015,3.54184313003e-05,0.00253049385548,0.000442536701657,0.056203740857,0.781338906758,0.1875
0.002471875,0.002471875,0.000442536701657,0.056203740857,3.37077576308e-05,0.00247164516116,0.000476244459288,0.0586753860181,0.781338906758,0.125
0.002471875,0.00258958333333,0.000476244459288,0.0586753860181,3.72346335225e-05,0.00253046843448,0.00051347909281,0.0612058544526,0.822462013803,0.125
0.00258958333333,0.00258958333333,0.00051347909281,0.0612058544526,3.71713378843e-05,0.00258931653761,0.000550650430695,0.0637951709902,0.822462013803,0.1875
0.002471875,0.00258958333333,0.000550650430695,0.0637951709902,3.90508165635e-05,0.00253044170993,0.000589701247258,0.0663256127001,0.863585120849,0.1875
0.00258958333333,0.00258958333333,0.000589701247258,0.0663256127001,3.90297676735e-05,0.00258928919156,0.000628731014932,0.0689149018917,0.863585120849,0.1875
0.002471875,0.00270729166667,0.000628731014932,0.0689149018917,4.46049297048e-05,0.00258923049795,0.000673335944636,0.0715041323896,0.945831292571,0.1875
0.00258958333333,0.00270729166667,0.000673335944636,0.0715041323896,4.6568971437e-05,0.00264804458564,0.000719904916073,0.0741521769753,0.986954399616,0.1875
0.00258958333333,0.00258958333333,0.000719904916073,0.0741521769753,4.46049306621e-05,0.0025891991504,0.000764509846736,0.0767413761257,0.986954399616,0.1875
0.00258958333333,0.00270729166667,0.000764509846736,0.0767413761257,4.84695380239e-05,0.00264801116152,0.000812979384759,0.0793893872872,1.02807750666,0.1875
0.002471875,0.00270729166667,0.000812979384759,0.0793893872872,5.20381548374e-05,0.00258909710502,0.000865017539597,0.0819784843922,1.11032367838,0.25
0.002825,0.00306041666667,0.000865017539597,0.0819784843922,6.335751072e-05,0.00294207091591,0.000928375050317,0.0849205553081,1.19256985011,0.25
0.00294270833333,0.003178125,0.000928375050317,0.0849205553081,7.02838489883e-05,0.00305965916707,0.000998658899305,0.0879802144752,1.27481602183,0.25
0.00306041666667,0.00306041666667,0.000998658899305,0.0879802144752,6.8087847606e-05,0.00305965916707,0.00106674674691,0.0910398736423,1.27481602183,0.25
0.002825,0.003178125,0.00106674674691,0.0910398736423,7.64701383191e-05,0.00300066882427,0.00114321688523,0.0940405424665,1.39818517349,0.3125
0.00306041666667,0.00306041666667,0.00114321688523,0.0940405424665,7.46757363474e-05,0.00305950546788,0.00121789262158,0.0971000479344,1.39818517349,0.3125
0.00294270833333,0.003178125,0.00121789262158,0.0971000479344,8.12632845283e-05,0.00305939512125,0.00129915590611,0.100159443056,1.48043134521,0.3125
0.00306041666667,0.003178125,0.00129915590611,0.100159443056,8.39450438696e-05,0.00311817099893,0.00138310094998,0.103277614055,1.52155445226,0.3125
0.00306041666667,0.003178125,0.00138310094998,0.103277614055,8.61830167262e-05,0.00311811074876,0.0014692839667,0.106395724803,1.56267755931,0.375
0.00294270833333,0.00306041666667,0.0014692839667,0.106395724803,8.50843057454e-05,0.00300038666996,0.00155436827245,0.109396111473,1.60380066635,0.375
0.003178125,0.003178125,0.00155436827245,0.109396111473,8.89491938718e-05,0.00317688000348,0.00164331746632,0.112572991477,1.60380066635,0.375
0.00306041666667,0.003178125,0.00164331746632,0.112572991477,9.06588280972e-05,0.00311798542962,0.00173397629442,0.115690976906,1.6449237734,0.375
0.00341354166667,0.00341354166667,0.00173397629442,0.115690976906,9.79870520686e-05,0.00341213499846,0.00183196334648,0.119103111905,1.6449237734,0.4375
0.00341354166667,0.00353125,0.00183196334648,0.119103111905,0.000103413267812,0.00347089247705,0.0019353766143,0.122574004382,1.68604688044,0.4375
0.00364895833333,0.00364895833333,0.0019353766143,0.122574004382,0.000107362653413,0.0036473785352,0.00204273926771,0.126221382917,1.68604688044,0.4375
0.00364895833333,0.00364895833333,0.00204273926771,0.126221382917,0.000107362653413,0.0036473785352,0.00215010192112,0.129868761452,1.68604688044,0.4375
0.00353125,0.00364895833333,0.00215010192112,0.129868761452,0.000109494370042,0.00358847310993,0.00225959629117,0.133457234562,1.72716998749,0.5
0.00364895833333,0.00364895833333,0.00225959629117,0.133457234562,0.000109980471722,0.00364730053797,0.00236957676289,0.1371045351,1.72716998749,0.5
0.00353125,0.00376666666667,0.00236957676289,0.1371045351,0.000117833577277,0.00364713890699,0.00248741034017,0.140751674007,1.80941615921,0.5625
0.00353125,0.00376666666667,0.00248741034017,0.140751674007,0.000123068679722,0.00364696976085,0.00261047901989,0.144398643768,1.89166233093,0.5625
0.00353125,0.00364895833333,0.00261047901989,0.144398643768,0.000122371330765,0.00358806168628,0.00273285035065,0.147986705454,1.93278543798,0.5625
0.00353125,0.00364895833333,0.00273285035065,0.147986705454,0.000124946540161,0.00358797385626,0.00285779689081,0.151574679311,1.97390854502,0.625
0.00353125,0.00353125,0.00285779689081,0.151574679311,0.000121631747632,0.00352915461272,0.00297942863845,0.155103833923,1.97390854502,0.625
0.00364895833333,0.00364895833333,0.00297942863845,0.155103833923,0.00012568613922,0.00364679309981,0.00310511477767,0.158750627023,1.97390854502,0.625
0.00353125,0.00364895833333,0.00310511477767,0.158750627023,0.000127521685193,0.00358788417793,0.00323263646286,0.162338511201,2.01503165207,0.6875
0.00353125,0.00353125,0.00323263646286,0.162338511201,0.000124164708989,0.00352906640452,0.00335680117185,0.165867577606,2.01503165207,0.6875
0.00353125,0.00353125,0.00335680117185,0.165867577606,0.000124164708989,0.00352906640452,0.00348096588084,0.16939664401,2.01503165207,0.6875
0.00364895833333,0.00353125,0.00348096588084,0.16939664401,0.000122371330765,0.00358797385626,0.0036033372116,0.172984617866,1.97390854502,0.6875
0.00353125,0.00364895833333,0.0036033372116,0.172984617866,0.000127521685193,0.00358788417793,0.0037308588968,0.176572502044,2.01503165207,0.75
0.00364895833333,0.00353125,0.0037308588968,0.176572502044,0.000122371330765,0.00358797385626,0.00385323022756,0.180160475901,1.97390854502,0.8125
0.00376666666667,0.00400208333333,0.00385323022756,0.180160475901,0.000142153478058,0.0038818740163,0.00399538370562,0.184042349917,2.05615471675,0.8125
0.00376666666667,0.00376666666667,0.00399538370562,0.184042349917,0.000135144110693,0.00376424147035,0.00413052781631,0.187806591387,2.05615471675,0.875
0.00376666666667,0.003884375,0.00413052781631,0.187806591387,0.000141371562674,0.00382295824557,0.00427189937898,0.191629549633,2.09727782379,0.875
0.00376666666667,0.00376666666667,0.00427189937898,0.191629549633,0.000137845798296,0.00376414350333,0.00440974517728,0.195393693136,2.09727782379,0.9375
0.00376666666667,0.00400208333333,0.00440974517728,0.195393693136,0.000150511376094,0.003881564932,0.00456025655338,0.199275258068,2.17952399551,0.9375
0.00376666666667,0.003884375,0.00456025655338,0.199275258068,0.000149602714002,0.00382264793643,0.00470985926738,0.203097906005,2.22064710256,0.9375
0.00376666666667,0.00376666666667,0.00470985926738,0.203097906005,0.000145950426695,0.00376383796818,0.00485580969407,0.206861743973,2.22064710256,0.9375
0.00376666666667,0.00376666666667,0.00485580969407,0.206861743973,0.000145950426695,0.00376383796818,0.00500176012077,0.210625581941,2.22064710256,0.9375
0.00376666666667,0.003884375,0.00500176012077,0.210625581941,0.000152346279805,0.00382254056154,0.00515410640057,0.214448122502,2.2617702096,1.0
0.00376666666667,0.00376666666667,0.00515410640057,0.214448122502,0.000148651821908,0.00376373224521,0.00530275822248,0.218211854748,2.2617702096,1.0
0.00376666666667,0.00376666666667,0.00530275822248,0.218211854748,0.000148651821908,0.00376373224521,0.00545141004439,0.221975586993,2.2617702096,1.0
0.00376666666667,0.00376666666667,0.00545141004439,0.221975586993,0.000148651821908,0.00376373224521,0.00560006186629,0.225739319238,2.2617702096,1.0
0.00376666666667,0.003884375,0.00560006186629,0.225739319238,0.000155089767128,0.0038224312175,0.00575515163342,0.229561750456,2.30289331665,1.0625
0.00376666666667,0.00376666666667,0.00575515163342,0.229561750456,0.000151353140544,0.00376362458338,0.00590650477397,0.233325375039,2.30289331665,1.0625
0.00376666666667,0.00376666666667,0.00590650477397,0.233325375039,0.000151353140544,0.00376362458338,0.00605785791451,0.237088999622,2.30289331665,1.0625
0.00376666666667,0.003884375,0.00605785791451,0.237088999622,0.000157833174558,0.00382231990436,0.00621569108907,0.240911319527,2.34401642369,1.0625
0.00376666666667,0.00376666666667,0.00621569108907,0.240911319527,0.000154054381211,0.00376351498275,0.00636974547028,0.244674834509,2.34401642369,1.0625
0.00364895833333,0.00376666666667,0.00636974547028,0.244674834509,0.000155635685275,0.00370460026458,0.00652538115555,0.248379434774,2.38513953074,1.125
0.00376666666667,0.003884375,0.00652538115555,0.248379434774,0.000163319744085,0.00382209137104,0.00668870089964,0.252201526145,2.42626263779,1.125
0.00364895833333,0.003884375,0.00668870089964,0.252201526145,0.00016755936215,0.00376305719352,0.00685626026179,0.255964583339,2.50850880951,1.1875
0.00364895833333,0.003884375,0.00685626026179,0.255964583339,0.000172960758934,0.00376281666769,0.00702922102072,0.259727400006,2.59075498123,1.1875
0.00364895833333,0.00376666666667,0.00702922102072,0.259727400006,0.000171587444731,0.00370390141121,0.00720080846545,0.263431301418,2.63187808828,1.1875
0.00364895833333,0.00376666666667,0.00720080846545,0.263431301418,0.000174245770838,0.00370377825714,0.00737505423629,0.267135079675,2.67300119532,1.1875
0.00376666666667,0.003884375,0.00737505423629,0.267135079675,0.000182520007411,0.003821229487,0.0075575742437,0.270956309162,2.71412430237,1.1875
0.00364895833333,0.00376666666667,0.0075575742437,0.270956309162,0.000179562152398,0.00370352622514,0.0077371363961,0.274659835387,2.75524740941,1.25
0.00364895833333,0.00376666666667,0.0077371363961,0.274659835387,0.000182220205112,0.00370339734735,0.00791935660121,0.278363232734,2.79637051646,1.25
0.00376666666667,0.003884375,0.00791935660121,0.278363232734,0.00019074731202,0.00382083057962,0.00811010391323,0.282184063314,2.8374936235,1.25
0.00376666666667,0.00376666666667,0.00811010391323,0.282184063314,0.000186462675662,0.00376204857071,0.00829656658889,0.285946111884,2.8374936235,1.25
0.00364895833333,0.003884375,0.00829656658889,0.285946111884,0.000194562679163,0.00376177703391,0.00849112926806,0.289707888918,2.91973979523,1.25
0.00376666666667,0.00376666666667,0.00849112926806,0.289707888918,0.000191862776369,0.00376177703391,0.00868299204443,0.293469665952,2.91973979523,1.25
0.00376666666667,0.003884375,0.00868299204443,0.293469665952,0.000198973729448,0.00382041395798,0.00888196577387,0.29729007991,2.96086290227,1.25
0.00364895833333,0.003884375,0.00888196577387,0.29729007991,0.000202661782011,0.00376135519497,0.00908462755589,0.301051435105,3.04310907399,1.25
0.00376666666667,0.003884375,0.00908462755589,0.301051435105,0.00020719922438,0.00381997962387,0.00929182678027,0.304871414729,3.08423218104,1.25
0.00364895833333,0.003884375,0.00929182678027,0.304871414729,0.000210759945264,0.00376091591738,0.00950258672553,0.308632330647,3.16647835276,1.25
0.00258958333333,0.00270729166667,0.00950258672553,0.308632330647,0.00014913952524,0.00264428832414,0.00965172625077,0.311276618971,3.20760145981,1.25
0.00223645833333,0.00235416666667,0.00965172625077,0.311276618971,0.000130899030594,0.00229162377747,0.00978262528136,0.313568242748,3.24872456685,1.25
0.00211875,0.00223645833333,0.00978262528136,0.313568242748,0.000125746623752,0.00217401547674,0.00990837190512,0.315742258225,3.2898476739,1.25
0.00211875,0.00200104166667,0.00990837190512,0.315742258225,0.00011599740852,0.00205658544132,0.0100243693136,0.317798843666,3.24872456685,1.25
0.00200104166667,0.00188333333333,0.0100243693136,0.317798843666,0.000107977195816,0.00193914477104,0.0101323465095,0.319737988437,3.20760145981,1.25
0.00188333333333,0.00188333333333,0.0101323465095,0.319737988437,0.000105379973327,0.00188038280828,0.0102377264828,0.321618371245,3.20760145981,1.25
0.001765625,0.001765625,0.0102377264828,0.321618371245,9.87937249945e-05,0.00176285888276,0.0103365202078,0.323381230128,3.20760145981,1.25
0.001765625,0.00164791666667,0.0103365202078,0.323381230128,9.36659143685e-05,0.00170416502506,0.0104301861221,0.325085395153,3.16647835276,1.25
0.00153020833333,0.00153020833333,0.0104301861221,0.325085395153,8.45246450319e-05,0.00152787209143,0.0105147107672,0.326613267245,3.16647835276,1.25
0.00153020833333,0.00129479166667,0.0105147107672,0.326613267245,7.4985819548e-05,0.00141045401497,0.0105896965867,0.32802372126,3.08423218104,1.25
0.00129479166667,0.00129479166667,0.0105896965867,0.32802372126,6.96649880444e-05,0.00129291618039,0.0106593615748,0.32931663744,3.08423218104,1.25
0.00117708333333,0.00117708333333,0.0106593615748,0.32931663744,6.33318073131e-05,0.00117537834581,0.0107226933821,0.330492015786,3.08423218104,1.25
0.001059375,0.00117708333333,0.0107226933821,0.330492015786,6.13673240326e-05,0.00111656595832,0.0107840607061,0.331608581744,3.12535528808,1.25
0.000941666666667,0.000941666666667,0.0107840607061,0.331608581744,5.13403195834e-05,0.000940266070161,0.0108354010257,0.332548847814,3.12535528808,1.25
0.000823958333333,0.000823958333333,0.0108354010257,0.332548847814,4.49227796355e-05,0.000822732811391,0.0108803238053,0.333371580626,3.12535528808,1.25
0.00070625,0.000823958333333,0.0108803238053,0.333371580626,4.25364716441e-05,0.000763936045686,0.010922860277,0.334135516671,3.16647839513,1.25
0.00070625,0.00070625,0.010922860277,0.334135516671,3.90113751516e-05,0.000705171734479,0.0109618716521,0.334840688406,3.16647839513,1.25
0.000470833333333,0.000588541666667,0.0109618716521,0.334840688406,2.98279054391e-05,0.000528857664806,0.0109916995576,0.335369546071,3.20760150217,1.25
0.000470833333333,0.000470833333333,0.0109916995576,0.335369546071,2.63449936795e-05,0.00047009570205,0.0110180445512,0.335839641773,3.20760150217,1.25
0.000353125,0.000470833333333,0.0110180445512,0.335839641773,2.34946981032e-05,0.000411317088246,0.0110415392493,0.336250958861,3.24872460922,1.25
0.000353125,0.000353125,0.0110415392493,0.336250958861,2.00117927649e-05,0.000352557504211,0.0110615510421,0.336603516365,3.24872460922,1.25
0.000117708333333,0.000235416666667,0.0110615510421,0.336603516365,1.01956723264e-05,0.000176271525134,0.0110717467144,0.33677978789,3.28984771627,1.25
0.000353125,0.000117708333333,0.0110717467144,0.33677978789,1.30037919779e-05,0.000235047851015,0.0110847505064,0.337014835741,3.20760154454,1.25
0.0,0.0,0.0110847505064,0.337014835741,0.0,0.0,0.0110847505064,0.337014835741,3.20760154454,1.25
0.0,0.0,0.0110847505064,0.337014835741,0.0,0.0,0.0110847505064,0.337014835741,3.20760154454,1.25
0.0,0.0,0.0110847505064,0.337014835741,0.0,0.0,0.0110847505064,0.337014835741,3.20760154454,1.25
0.0,0.0,0.0110847505064,0.337014835741,0.0,0.0,0.0110847505064,0.337014835741,3.20760154454,1.25
0.0,0.0,0.0110847505064,0.337014835741,0.0,0.0,0.0110847505064,0.337014835741,3.20760154454,1.25
0.0,0.0,0.0110847505064,0.337014835741,0.0,0.0,0.0110847505064,0.337014835741,3.20760154454,1.25
0.0,0.0,0.0110847505064,0.337014835741,0.0,0.0,0.0110847505064,0.337014835741,3.20760154454,1.25
0.0,0.0,0.0110847505064,0.337014835741,0.0,0.0,0.0110847505064,0.337014835741,3.20760154454,1.25
0.0,0.0,0.0110847505064,0.337014835741,0.0,0.0,0.0110847505064,0.337014835741,3.20760154454,1.25
0.0,0.0,0.0110847505064,0.337014835741,0.0,0.0,0.0110847505064,0.337014835741,3.20760154454,1.25
0.0,0.0,0.0110847505064,0.337014835741,0.0,0.0,0.0110847505064,0.337014835741,3.20760154454,1.25
0.0,0.0,0.0110847505064,0.337014835741,0.0,0.0,0.0110847505064,0.337014835741,3.20760154454,1.25
0.0,0.0,0.0110847505064,0.337014835741,0.0,0.0,0.0110847505064,0.337014835741,3.20760154454,1.25
