deltaR,deltaL,prevx,prevy,dx,dy,x,y,degrees,gyro
0.0,0.0,0,0,0.0,0.0,0.0,0.0,0.0,0.0
0.0,0.000117708333333,0.0,0.0,6.33624085996e-08,5.88541515076e-05,6.33624085996e-08,5.88541515076e-05,0.0411231070454,0.0
0.000353125,0.000470833333333,6.33624085996e-08,5.88541515076e-05,7.39227846457e-07,0.000411978742212,8.02590255057e-07,0.000470832893719,0.0822462140908,0.0
0.000470833333333,0.000588541666667,8.02590255057e-07,0.000470832893719,1.33060943817e-06,0.000529686272112,2.13319969323e-06,0.00100051916583,0.123369321136,0.0
0.000588541666667,0.000588541666667,2.13319969323e-06,0.00100051916583,1.26724743758e-06,0.000588540302347,3.4004471308e-06,0.00158905946818,0.123369321136,0.0625
0.00070625,0.000588541666667,3.4004471308e-06,0.00158905946818,6.96986494595e-07,0.000647395166332,4.0974336254e-06,0.00223645463451,0.0822462140908,0.0625
0.000823958333333,0.000823958333333,4.0974336254e-06,0.00223645463451,1.18276478282e-06,0.000823957484423,5.28019840822e-06,0.00306041211893,0.0822462140908,0.0625
0.000941666666667,0.000941666666667,5.28019840822e-06,0.00306041211893,1.35173118036e-06,0.000941665696484,6.63192958858e-06,0.00400207781542,0.0822462140908,0.0
0.001059375,0.00129479166667,6.63192958858e-06,0.00400207781542,4.22415101687e-06,0.00117707848242,1.08560806055e-05,0.00517915629784,0.164492385813,0.0625
0.00117708333333,0.00129479166667,1.08560806055e-05,0.00517915629784,4.87889281939e-06,0.00123592954148,1.57349734248e-05,0.00641508583932,0.205615492859,0.0625
0.00129479166667,0.00129479166667,1.57349734248e-05,0.00641508583932,4.64656659729e-06,0.00129478332917,2.03815400221e-05,0.00770986916848,0.205615492859,0.0625
0.0014125,0.00153020833333,2.03815400221e-05,0.00770986916848,6.86423626986e-06,0.00147134052349,2.7245776292e-05,0.00918120969198,0.246738599904,0.0625
0.0014125,0.00153020833333,2.7245776292e-05,0.00918120969198,7.92026326631e-06,0.0014713355968,3.51660395583e-05,0.0106525452888,0.28786170695,0.125
0.00164791666667,0.00164791666667,3.51660395583e-05,0.0106525452888,8.27932027338e-06,0.00164789586841,4.34453598317e-05,0.0123004411572,0.28786170695,0.0625
0.00164791666667,0.00164791666667,4.34453598317e-05,0.0123004411572,8.27932027338e-06,0.00164789586841,5.17246801051e-05,0.0139483370256,0.28786170695,0.125
0.001765625,0.00188333333333,5.17246801051e-05,0.0139483370256,1.11305948665e-05,0.00182444909108,6.28552749716e-05,0.0157727861167,0.328984813995,0.125
0.00188333333333,0.001765625,6.28552749716e-05,0.0157727861167,8.51165297463e-06,0.00182445614003,7.13669279462e-05,0.0175972422567,0.28786170695,0.125
0.00188333333333,0.00188333333333,7.13669279462e-05,0.0175972422567,9.46208031244e-06,0.0018833095639,8.08290082587e-05,0.0194805518206,0.28786170695,0.125
0.00188333333333,0.00211875,8.08290082587e-05,0.0194805518206,1.43620217158e-05,0.00200099991863,9.51910299745e-05,0.0214815517392,0.370107878672,0.125
0.00211875,0.00200104166667,9.51910299745e-05,0.0214815517392,1.10883670496e-05,0.00205986187703,0.000106279397024,0.0235414136163,0.328984771627,0.125
0.00200104166667,0.00223645833333,0.000106279397024,0.0235414136163,1.67274998402e-05,0.00211869542746,0.000123006896864,0.0256601090437,0.411230943349,0.125
0.00211875,0.00211875,0.000123006896864,0.0256601090437,1.52068457393e-05,0.00211869542746,0.000138213742604,0.0277788044712,0.411230943349,0.125
0.00211875,0.00223645833333,0.000138213742604,0.0277788044712,1.79735977966e-05,0.00217753629971,0.0001561873404,0.0299563407709,0.452354050394,0.125
0.00223645833333,0.00235416666667,0.0001561873404,0.0299563407709,2.05925054271e-05,0.00229522736699,0.000176779845827,0.0322515681379,0.49347715744,0.125
0.00223645833333,0.00223645833333,0.000176779845827,0.0322515681379,1.92619328291e-05,0.00223637538322,0.000196041778656,0.0344879435211,0.49347715744,0.125
0.00223645833333,0.00235416666667,0.000196041778656,0.0344879435211,2.22398566227e-05,0.00229521258706,0.000218281635279,0.0367831561082,0.534600264485,0.125
0.00235416666667,0.002471875,0.000218281635279,0.0367831561082,2.51121807904e-05,0.00241289901578,0.00024339381607,0.0391960551239,0.575723371531,0.125
0.002471875,0.002471875,0.00024339381607,0.0391960551239,2.4837645514e-05,0.00247175021129,0.000268231461584,0.0416678053352,0.575723371531,0.125
0.00235416666667,0.002471875,0.000268231461584,0.0416678053352,2.6843986554e-05,0.00241288099192,0.000295075448138,0.0440806863272,0.616846478576,0.125
0.00235416666667,0.002471875,0.000295075448138,0.0440806863272,2.85757784891e-05,0.00241286172509,0.000323651226627,0.0464935480522,0.657969585621,0.125
0.002471875,0.00258958333333,0.000323651226627,0.0464935480522,3.17859730551e-05,0.00253054078677,0.000355437199682,0.049024088839,0.699092692667,0.125
0.002471875,0.00258958333333,0.000355437199682,0.049024088839,3.36022108326e-05,0.00253051797291,0.000389039410514,0.0515546068119,0.740215799712,0.1875
0.002471875,0.002471875,0.000389039410514,0.0515546068119,3.19337662805e-05,0.00247166871773,0.000420973176795,0.0540262755297,0.740215799712,0.1875
0.002471875,0.00258958333333,0.000420973176795,0.0540262755297,3.54184313003e-05,0.00253049385548,0.000456391608095,0.0565567693851,0.781338906758,0.1875
0.00258958333333,0.00258958333333,0.000456391608095,0.0565567693851,3.53128889466e-05,0.00258934254979,0.000491704497042,0.0591461119349,0.781338906758,0.1875
0.002471875,0.00258958333333,0.000491704497042,0.0591461119349,3.72346335225e-05,0.00253046843448,0.000528939130564,0.0616765803694,0.822462013803,0.1875
0.00258958333333,0.00270729166667,0.000528939130564,0.0616765803694,4.0867133613e-05,0.00264813667318,0.000569806264177,0.0643247170426,0.863585120849,0.1875
0.002471875,0.00270729166667,0.000569806264177,0.0643247170426,4.46049297048e-05,0.00258923049795,0.000614411193882,0.0669139475405,0.945831292571,0.25
0.002471875,0.00258958333333,0.000614411193882,0.0669139475405,4.44992393731e-05,0.00253035371516,0.000658910433255,0.0694443012557,0.986954399616,0.25
0.00258958333333,0.00270729166667,0.000658910433255,0.0694443012557,4.84695380239e-05,0.00264801116152,0.000707379971279,0.0720923124172,1.02807750666,0.25
0.00258958333333,0.00270729166667,0.000707379971279,0.0720923124172,5.03700796422e-05,0.00264797637331,0.000757750050921,0.0747402887905,1.06920061371,0.25
0.00258958333333,0.00270729166667,0.000757750050921,0.0747402887905,5.22705953128e-05,0.00264794022101,0.000810020646234,0.0773882290115,1.11032372075,0.3125
0.00258958333333,0.00270729166667,0.000810020646234,0.0773882290115,5.41710840566e-05,0.00264790270464,0.000864191730291,0.0800361317162,1.1514468278,0.3125
0.00258958333333,0.00270729166667,0.000864191730291,0.0800361317162,5.60715448946e-05,0.00264786382424,0.000920263275185,0.0826839955404,1.19256993484,0.3125
0.002825,0.00294270833333,0.000920263275185,0.0826839955404,6.31250414565e-05,0.00288318567579,0.000983388316642,0.0855671812162,1.23369304189,0.3125
0.00306041666667,0.00306041666667,0.000983388316642,0.0855671812162,6.58918168052e-05,0.00305970724778,0.00104928013345,0.088626888464,1.23369304189,0.3125
0.00306041666667,0.00306041666667,0.00104928013345,0.088626888464,6.58918168052e-05,0.00305970724778,0.00111517195025,0.0916865957118,1.23369304189,0.375
0.00306041666667,0.003178125,0.00111517195025,0.0916865957118,7.0516357415e-05,0.00311849876628,0.00118568830767,0.094805094478,1.27481614893,0.375
0.00306041666667,0.003178125,0.00118568830767,0.094805094478,7.27545724389e-05,0.00311844815432,0.00125844288011,0.0979235426324,1.31593925598,0.375
0.003178125,0.00329583333333,0.00125844288011,0.0979235426324,7.78226650777e-05,0.00323607125426,0.00133626554518,0.101159613887,1.35706236303,0.4375
0.00306041666667,0.003178125,0.00133626554518,0.101159613887,7.72308888971e-05,0.0031183421111,0.00141349643408,0.104277955998,1.39818547007,0.4375
0.00306041666667,0.003178125,0.00141349643408,0.104277955998,7.94689880254e-05,0.0031182866799,0.00149296542211,0.107396242678,1.43930857712,0.4375
0.00306041666667,0.00306041666667,0.00149296542211,0.107396242678,7.68716426855e-05,0.00305945108217,0.00156983706479,0.11045569376,1.43930857712,0.4375
0.003178125,0.003178125,0.00156983706479,0.11045569376,7.98282443273e-05,0.00317712227763,0.00164966530912,0.113632816037,1.43930857712,0.4375
0.003178125,0.00329583333333,0.00164966530912,0.113632816037,8.47903309788e-05,0.00323589868544,0.0017344556401,0.116868714723,1.48043168416,0.4375
0.00341354166667,0.00341354166667,0.0017344556401,0.116868714723,8.81906659241e-05,0.0034124022501,0.00182264630602,0.120281116973,1.48043168416,0.5
0.00353125,0.00364895833333,0.00182264630602,0.120281116973,9.66160151181e-05,0.00358883831896,0.00191926232114,0.123869955292,1.52155479121,0.5
0.00353125,0.00364895833333,0.00191926232114,0.123869955292,9.91917951979e-05,0.0035887689744,0.00201845411634,0.127458724266,1.56267789825,0.5
0.00364895833333,0.00364895833333,0.00201845411634,0.127458724266,9.95088936175e-05,0.00364760125267,0.00211796300996,0.131106325519,1.56267789825,0.5625
0.00353125,0.00364895833333,0.00211796300996,0.131106325519,0.00010176752418,0.00358869778112,0.00221973053414,0.1346950233,1.6038010053,0.5625
0.00364895833333,0.00364895833333,0.00221973053414,0.1346950233,0.000102126873801,0.00364752889228,0.00232185740794,0.138342552192,1.6038010053,0.5625
0.00353125,0.00353125,0.00232185740794,0.138342552192,9.88324585172e-05,0.00352986666995,0.00242068986645,0.141872418862,1.6038010053,0.5625
0.00364895833333,0.00364895833333,0.00242068986645,0.141872418862,0.000102126873801,0.00364752889228,0.00252281674025,0.145519947755,1.6038010053,0.625
0.00353125,0.00353125,0.00252281674025,0.145519947755,9.88324585172e-05,0.00352986666995,0.00262164919877,0.149049814425,1.6038010053,0.625
0.00364895833333,0.00364895833333,0.00262164919877,0.149049814425,0.000102126873801,0.00364752889228,0.00272377607257,0.152697343317,1.6038010053,0.625
0.00364895833333,0.00364895833333,0.00272377607257,0.152697343317,0.000102126873801,0.00364752889228,0.00282590294637,0.156344872209,1.6038010053,0.625
0.00353125,0.00364895833333,0.00282590294637,0.156344872209,0.000104343200737,0.00358862473915,0.00293024614711,0.159933496948,1.64492411234,0.6875
0.00353125,0.00353125,0.00293024614711,0.159933496948,0.000101365936814,0.00352979482539,0.00303161208393,0.163463291774,1.64492411234,0.6875
0.00353125,0.00353125,0.00303161208393,0.163463291774,0.000101365936814,0.00352979482539,0.00313297802074,0.166993086599,1.64492411234,0.6875
0.00364895833333,0.00353125,0.00313297802074,0.166993086599,9.91917951979e-05,0.00358869778112,0.00323216981594,0.17058178438,1.6038010053,0.6875
0.00364895833333,0.00364895833333,0.00323216981594,0.17058178438,0.000102126873801,0.00364752889228,0.00333429668974,0.174229313273,1.6038010053,0.6875
0.00364895833333,0.00376666666667,0.00333429668974,0.174229313273,0.000107764289286,0.00370628456666,0.00344206097903,0.177935597839,1.64492411234,0.6875
0.00353125,0.00364895833333,0.00344206097903,0.177935597839,0.000106918823543,0.00358854984853,0.00354897980257,0.181524147688,1.68604721939,0.6875
0.00258958333333,0.00258958333333,0.00354897980257,0.181524147688,7.61928661222e-05,0.00258846218582,0.00362517266869,0.184112609874,1.68604721939,0.6875
0.00235416666667,0.00235416666667,0.00362517266869,0.184112609874,6.92662419292e-05,0.00235314744166,0.00369443891062,0.186465757315,1.68604721939,0.6875
0.00211875,0.00211875,0.00369443891062,0.186465757315,6.23396177363e-05,0.00211783269749,0.00375677852836,0.188583590013,1.68604721939,0.6875
0.00223645833333,0.00211875,0.00375677852836,0.188583590013,6.17278425354e-05,0.00217670680899,0.00381850637089,0.190760296822,1.64492411234,0.6875
0.00211875,0.00200104166667,0.00381850637089,0.190760296822,5.69133251136e-05,0.00205908889081,0.00387541969601,0.192819385712,1.6038010053,0.6875
0.00200104166667,0.00188333333333,0.00387541969601,0.192819385712,5.22676803098e-05,0.00194146518287,0.00392768737631,0.194760850895,1.56267789825,0.6875
0.00188333333333,0.00188333333333,0.00392768737631,0.194760850895,5.13594289638e-05,0.0018826329046,0.00397904680528,0.1966434838,1.56267789825,0.6875
0.00164791666667,0.00164791666667,0.00397904680528,0.1966434838,4.49395003434e-05,0.00164730379153,0.00402398630562,0.198290787591,1.56267789825,0.6875
0.00164791666667,0.00164791666667,0.00402398630562,0.198290787591,4.49395003434e-05,0.00164730379153,0.00406892580597,0.199938091383,1.56267789825,0.6875
0.0014125,0.0014125,0.00406892580597,0.199938091383,3.85195717229e-05,0.00141197467845,0.00410744537769,0.201350066061,1.56267789825,0.6875
0.00129479166667,0.00129479166667,0.00410744537769,0.201350066061,3.53096074126e-05,0.00129431012192,0.0041427549851,0.202644376183,1.56267789825,0.6875
0.00117708333333,0.00117708333333,0.0041427549851,0.202644376183,3.20996431024e-05,0.00117664556538,0.0041748546282,0.203821021749,1.56267789825,0.6875
0.001059375,0.001059375,0.0041748546282,0.203821021749,2.88896787922e-05,0.00105898100884,0.004203744307,0.204880002758,1.56267789825,0.6875
0.000941666666667,0.000941666666667,0.004203744307,0.204880002758,2.56797144819e-05,0.000941316452302,0.00422942402148,0.20582131921,1.56267789825,0.6875
0.000823958333333,0.000941666666667,0.00422942402148,0.20582131921,2.50248010279e-05,0.000882466667488,0.00425444882251,0.206703785877,1.6038010053,0.6875
0.000823958333333,0.00070625,0.00425444882251,0.206703785877,2.05902983039e-05,0.000764819617496,0.00427503912081,0.207468605495,1.56267789825,0.6875
0.000588541666667,0.00070625,0.00427503912081,0.207468605495,1.83515207538e-05,0.000647142222825,0.00429339064156,0.208115747718,1.6038010053,0.6875
0.000588541666667,0.000588541666667,0.00429339064156,0.208115747718,1.64720764195e-05,0.000588311111659,0.00430986271798,0.208704058829,1.6038010053,0.6875
0.000470833333333,0.000470833333333,0.00430986271798,0.208704058829,1.31776611356e-05,0.000470648889327,0.00432304037912,0.209174707719,1.6038010053,0.6875
0.000470833333333,0.000353125,0.00432304037912,0.209174707719,1.10870837021e-05,0.000411825947882,0.00433412746282,0.209586533667,1.56267789825,0.6875
0.000235416666667,0.000353125,0.00433412746282,0.209586533667,8.34160034262e-06,0.000294155555829,0.00434246906316,0.209880689222,1.6038010053,0.6875
0.000235416666667,0.000235416666667,0.00434246906316,0.209880689222,6.58883056781e-06,0.000235324444664,0.00434905789373,0.210116013667,1.6038010053,0.6875
0.000117708333333,0.000117708333333,0.00434905789373,0.210116013667,3.29441528391e-06,0.000117662222332,0.00435235230901,0.210233675889,1.6038010053,0.6875
0.0,0.0,0.00435235230901,0.210233675889,0.0,0.0,0.00435235230901,0.210233675889,1.6038010053,0.6875
0.0,0.0,0.00435235230901,0.210233675889,0.0,0.0,0.00435235230901,0.210233675889,1.6038010053,0.6875
0.0,0.0,0.00435235230901,0.210233675889,0.0,0.0,0.00435235230901,0.210233675889,1.6038010053,0.6875
0.0,0.0,0.00435235230901,0.210233675889,0.0,0.0,0.00435235230901,0.210233675889,1.6038010053,0.6875
0.0,0.0,0.00435235230901,0.210233675889,0.0,0.0,0.00435235230901,0.210233675889,1.6038010053,0.6875
0.0,0.0,0.00435235230901,0.210233675889,0.0,0.0,0.00435235230901,0.210233675889,1.6038010053,0.6875
0.0,0.0,0.00435235230901,0.210233675889,0.0,0.0,0.00435235230901,0.210233675889,1.6038010053,0.6875
0.0,0.0,0.00435235230901,0.210233675889,0.0,0.0,0.00435235230901,0.210233675889,1.6038010053,0.6875
0.0,0.0,0.00435235230901,0.210233675889,0.0,0.0,0.00435235230901,0.210233675889,1.6038010053,0.6875
0.0,0.0,0.00435235230901,0.210233675889,0.0,0.0,0.00435235230901,0.210233675889,1.6038010053,0.6875
0.0,0.0,0.00435235230901,0.210233675889,0.0,0.0,0.00435235230901,0.210233675889,1.6038010053,0.6875
0.0,0.0,0.00435235230901,0.210233675889,0.0,0.0,0.00435235230901,0.210233675889,1.6038010053,0.6875
0.0,0.0,0.00435235230901,0.210233675889,0.0,0.0,0.00435235230901,0.210233675889,1.6038010053,0.6875
0.0,0.0,0.00435235230901,0.210233675889,0.0,0.0,0.00435235230901,0.210233675889,1.6038010053,0.6875
