deltaR,deltaL,prevx,prevy,dx,dy,x,y,degrees,gyro
0.0,0.0,0,0,0.0,0.0,0.0,0.0,0.0,0.0
0.000117708333333,0.000117708333333,0.0,0.0,0.0,0.000117708333333,0.0,0.000117708333333,0.0,0.0
0.000235416666667,0.000588541666667,0.0,0.000117708333333,1.33060669637e-06,0.000411978211646,1.33060669637e-06,0.000529686544979,0.123369151663,0.0
0.000353125,0.000588541666667,1.33060669637e-06,0.000529686544979,2.02758928499e-06,0.00047083030152,3.35819598136e-06,0.0010005168465,0.205615323385,0.0
0.000353125,0.00070625,3.35819598136e-06,0.0010005168465,3.61162569424e-06,0.000529678768395,6.9698216756e-06,0.00153019561489,0.328984475048,0.0
0.000470833333333,0.00070625,6.9698216756e-06,0.00153019561489,4.64652468703e-06,0.00058852650765,1.16163463626e-05,0.00211872212254,0.411230646771,0.0
0.00070625,0.00070625,1.16163463626e-05,0.00211872212254,5.06894492412e-06,0.00070623180918,1.66852912867e-05,0.00282495393172,0.411230646771,0.0625
0.001059375,0.000823958333333,1.66852912867e-05,0.00282495393172,4.7310349338e-06,0.000941651143813,2.14163262205e-05,0.00376660507554,0.328984475048,0.125
0.001059375,0.000941666666667,2.14163262205e-05,0.00376660507554,4.66767474476e-06,0.00100050820585,2.60840009653e-05,0.00476711328139,0.287861368003,0.0625
0.00129479166667,0.00117708333333,2.60840009653e-05,0.00476711328139,4.87888550797e-06,0.00123592603976,3.09628864733e-05,0.00600303932115,0.246738260957,0.0625
0.00117708333333,0.00117708333333,3.09628864733e-05,0.00600303932115,5.06897016605e-06,0.00117707241882,3.60318566393e-05,0.00718011173998,0.246738260957,0.0625
0.00129479166667,0.0014125,3.60318566393e-05,0.00718011173998,7.28663419731e-06,0.00135362874909,4.33184908366e-05,0.00853374048907,0.287861368003,0.0625
0.00129479166667,0.0014125,4.33184908366e-05,0.00853374048907,8.25817528042e-06,0.00135362351923,5.1576666117e-05,0.0098873640083,0.328984475048,0.0625
0.0014125,0.00153020833333,5.1576666117e-05,0.0098873640083,1.00322957711e-05,0.00147132346963,6.16089618881e-05,0.0113586874779,0.370107582094,0.0
0.00153020833333,0.00164791666667,6.16089618881e-05,0.0113586874779,1.1975373607e-05,0.00158902157065,7.35843354952e-05,0.0129477090486,0.411230689139,0.0625
0.00164791666667,0.00164791666667,7.35843354952e-05,0.0129477090486,1.18275393748e-05,0.00164787422141,8.541187487e-05,0.01459558327,0.411230689139,0.0625
0.001765625,0.00164791666667,8.541187487e-05,0.01459558327,1.04124818753e-05,0.00170673522477,9.58243567453e-05,0.0163023184948,0.370107582094,0.0625
0.001765625,0.001765625,9.58243567453e-05,0.0163023184948,1.14051446843e-05,0.00176558816356,0.00010722950143,0.0180679066583,0.370107582094,0.0625
0.00188333333333,0.001765625,0.00010722950143,0.0180679066583,9.82111565724e-06,0.00182444909114,0.000117050617087,0.0198923557495,0.328984475048,0.125
0.00188333333333,0.00188333333333,0.000117050617087,0.0198923557495,1.08137812026e-05,0.00188330228763,0.000127864398289,0.0217756580371,0.328984475048,0.125
0.00188333333333,0.00200104166667,0.000127864398289,0.0217756580371,1.32426304178e-05,0.00194214697991,0.000141107028707,0.023717805017,0.370107582094,0.125
0.00211875,0.00211875,0.000141107028707,0.023717805017,1.36861736211e-05,0.00211870579627,0.000154793202328,0.0258365108133,0.370107582094,0.125
0.00200104166667,0.00211875,0.000154793202328,0.0258365108133,1.55236324536e-05,0.00205984277676,0.000170316834782,0.02789635359,0.411230689139,0.125
0.00211875,0.00211875,0.000170316834782,0.02789635359,1.52068363391e-05,0.00211869542753,0.000185523671121,0.0300150490176,0.411230689139,0.125
0.00211875,0.00211875,0.000185523671121,0.0300150490176,1.52068363391e-05,0.00211869542753,0.00020073050746,0.0321337444451,0.411230689139,0.1875
0.00223645833333,0.00211875,0.00020073050746,0.0321337444451,1.32848906685e-05,0.00217755873506,0.000214015398129,0.0343113031802,0.370107582094,0.125
0.00223645833333,0.00223645833333,0.000214015398129,0.0343113031802,1.44465166001e-05,0.00223641167384,0.000228461914729,0.036547714854,0.370107582094,0.1875
0.00223645833333,0.00235416666667,0.000228461914729,0.036547714854,1.72977618768e-05,0.00229525337982,0.000245759676606,0.0388429682338,0.411230689139,0.1875
0.00235416666667,0.00235416666667,0.000245759676606,0.0388429682338,1.68964848212e-05,0.00235410603059,0.000262656161427,0.0411970742644,0.411230689139,0.1875
0.00223645833333,0.00223645833333,0.000262656161427,0.0411970742644,1.60516605801e-05,0.00223640072906,0.000278707822007,0.0434334749935,0.411230689139,0.1875
0.00235416666667,0.00235416666667,0.000278707822007,0.0434334749935,1.68964848212e-05,0.00235410603059,0.000295604306828,0.045787581024,0.411230689139,0.25
0.00235416666667,0.00235416666667,0.000295604306828,0.045787581024,1.68964848212e-05,0.00235410603059,0.000312500791649,0.0481416870546,0.411230689139,0.25
0.00235416666667,0.002471875,0.000312500791649,0.0481416870546,1.99166787446e-05,0.00241294562949,0.000332417470394,0.0505546326841,0.452353796185,0.25
0.002471875,0.002471875,0.000332417470394,0.0505546326841,1.95154064272e-05,0.00247179796192,0.000351932876821,0.053026430646,0.452353796185,0.3125
0.00235416666667,0.00258958333333,0.000351932876821,0.053026430646,2.48376318057e-05,0.00247176740157,0.000376770508627,0.0554981980476,0.534599967907,0.3125
0.00235416666667,0.002471875,0.000376770508627,0.0554981980476,2.51121683007e-05,0.0024128990159,0.000401882676927,0.0579110970635,0.575723074952,0.3125
0.002471875,0.002471875,0.000401882676927,0.0579110970635,2.48376327196e-05,0.00247175021141,0.000426720309647,0.0603828472749,0.575723074952,0.3125
0.002471875,0.002471875,0.000426720309647,0.0603828472749,2.48376327196e-05,0.00247175021141,0.000451557942367,0.0628545974863,0.575723074952,0.375
0.00258958333333,0.002471875,0.000451557942367,0.0628545974863,2.27045441666e-05,0.00253061900637,0.000474262486533,0.0653852164927,0.534599967907,0.3125
0.002471875,0.002471875,0.000474262486533,0.0653852164927,2.30635682559e-05,0.00247176740157,0.000497326054789,0.0678569838943,0.534599967907,0.3125
0.00258958333333,0.00258958333333,0.000497326054789,0.0678569838943,2.41618334109e-05,0.00258947061116,0.0005214878882,0.0704464545054,0.534599967907,0.3125
0.00258958333333,0.00258958333333,0.0005214878882,0.0704464545054,2.41618334109e-05,0.00258947061116,0.000545649721611,0.0730359251166,0.534599967907,0.375
0.002471875,0.00258958333333,0.000545649721611,0.0730359251166,2.63371521202e-05,0.00253060140692,0.000571986873731,0.0755665265235,0.575723074952,0.375
0.00258958333333,0.00258958333333,0.000571986873731,0.0755665265235,2.60203771348e-05,0.00258945260243,0.000598007250866,0.078155979126,0.575723074952,0.375
0.00270729166667,0.00270729166667,0.000598007250866,0.078155979126,2.720312155e-05,0.00270715499345,0.000625210372416,0.0808631341194,0.575723074952,0.375
0.00294270833333,0.00306041666667,0.000625210372416,0.0808631341194,3.33912848117e-05,0.0030013885511,0.000658601657228,0.0838645226705,0.616846181998,0.375
0.00306041666667,0.00306041666667,0.000658601657228,0.0838645226705,3.29477997189e-05,0.003060239307,0.000691549456947,0.0869247619775,0.616846181998,0.375
0.00306041666667,0.00306041666667,0.000691549456947,0.0869247619775,3.29477997189e-05,0.003060239307,0.000724497256666,0.0899850012845,0.616846181998,0.375
0.00306041666667,0.00294270833333,0.000724497256666,0.0899850012845,2.90828738935e-05,0.003001410971,0.000753580130559,0.0929864122555,0.575723074952,0.375
0.00294270833333,0.003178125,0.000753580130559,0.0929864122555,3.73406341213e-05,0.00306021487106,0.00079092076468,0.0960466271266,0.657969246675,0.375
0.00306041666667,0.00306041666667,0.00079092076468,0.0960466271266,3.51442254065e-05,0.00306021487106,0.000826064990087,0.0991068419976,0.657969246675,0.375
0.00306041666667,0.00306041666667,0.000826064990087,0.0991068419976,3.51442254065e-05,0.00306021487106,0.000861209215493,0.102167056869,0.657969246675,0.4375
0.00306041666667,0.003178125,0.000861209215493,0.102167056869,3.91780413607e-05,0.00311903864439,0.000900387256854,0.105286095513,0.69909235372,0.4375
0.003178125,0.00329583333333,0.000900387256854,0.105286095513,4.29795528478e-05,0.00323670903537,0.000943366809702,0.108522804548,0.740215460766,0.4375
0.00294270833333,0.003178125,0.000943366809702,0.108522804548,4.61260675719e-05,0.00306010136292,0.000989492877274,0.111582905911,0.822461632488,0.5
0.00306041666667,0.003178125,0.000989492877274,0.111582905911,4.8132381054e-05,0.00311891652651,0.00103762525833,0.114701822438,0.863584739533,0.5
0.00306041666667,0.00329583333333,0.00103762525833,0.114701822438,5.47423925807e-05,0.00317769197511,0.00109236765091,0.117879514413,0.945830911256,0.5
0.00329583333333,0.00353125,0.00109236765091,0.117879514413,6.36966200981e-05,0.00341299216419,0.00115606427101,0.121292506577,1.02807708298,0.5625
0.00364895833333,0.00364895833333,0.00115606427101,0.121292506577,6.54709504215e-05,0.00364837093414,0.00122153522143,0.124940877511,1.02807708298,0.5625
0.00341354166667,0.00364895833333,0.00122153522143,0.124940877511,7.09610941257e-05,0.0035305869619,0.00129249631555,0.128471464473,1.1103232547,0.625
0.00353125,0.00364895833333,0.00129249631555,0.128471464473,7.3431884747e-05,0.00358937922244,0.0013659282003,0.132060843696,1.15144636175,0.625
0.00353125,0.00364895833333,0.0013659282003,0.132060843696,7.60080649946e-05,0.00358932651791,0.0014419362653,0.135650170214,1.19256946879,0.625
0.00353125,0.00376666666667,0.0014419362653,0.135650170214,8.37999495156e-05,0.00364805516127,0.00152573621481,0.139298225375,1.27481564051,0.6875
0.00353125,0.00364895833333,0.00152573621481,0.139298225375,8.37363628454e-05,0.00358915731042,0.00160947257766,0.142887382685,1.31593874756,0.6875
0.00364895833333,0.00376666666667,0.00160947257766,0.142887382685,8.91422925605e-05,0.00370677252838,0.00169861487022,0.146594155214,1.3570618546,0.6875
0.00353125,0.00364895833333,0.00169861487022,0.146594155214,8.88883497134e-05,0.00358903526073,0.00178750321993,0.150183190474,1.39818496165,0.6875
0.00353125,0.00364895833333,0.00178750321993,0.150183190474,9.14642751258e-05,0.00358897146257,0.00187896749506,0.153772161937,1.4393080687,0.6875
0.00353125,0.00376666666667,0.00187896749506,0.153772161937,9.95088572041e-05,0.00364767173496,0.00197847635226,0.157419833672,1.52155424042,0.75
0.00353125,0.00364895833333,0.00197847635226,0.157419833672,9.91917606992e-05,0.00358876897534,0.00207766811296,0.161008602647,1.56267734746,0.75
0.00353125,0.00376666666667,0.00207766811296,0.161008602647,0.000107362635882,0.00364745465399,0.00218503074884,0.164656057301,1.64492351919,0.8125
0.00341354166667,0.00364895833333,0.00218503074884,0.164656057301,0.000108966012724,0.00352964568245,0.00229399676157,0.168185702984,1.72716969091,0.8125
0.00341354166667,0.00364895833333,0.00229399676157,0.168185702984,0.000114032475869,0.00352948926541,0.00240802923743,0.171715192249,1.80941586263,0.8125
0.00353125,0.00364895833333,0.00240802923743,0.171715192249,0.000117220708262,0.0035882318017,0.0025252499457,0.175303424051,1.85053896968,0.875
0.00353125,0.00376666666667,0.0025252499457,0.175303424051,0.000125686118995,0.0036468823703,0.00265093606469,0.178950306421,1.9327851414,0.875
0.00376666666667,0.003884375,0.00265093606469,0.178950306421,0.00013313973612,0.00382325083113,0.00278407580081,0.182773557252,1.97390824844,0.9375
0.00364895833333,0.00376666666667,0.00278407580081,0.182773557252,0.000131702704871,0.00370551972543,0.00291577850568,0.186479076978,2.01503135549,0.9375
0.00376666666667,0.003884375,0.00291577850568,0.186479076978,0.000138627680123,0.00382305774394,0.00305440618581,0.190302134722,2.05615446253,0.9375
0.00364895833333,0.003884375,0.00305440618581,0.190302134722,0.000143248938206,0.00376404359797,0.00319765512401,0.19406617832,2.13840063426,1.0
0.00376666666667,0.00376666666667,0.00319765512401,0.19406617832,0.000140547395406,0.00376404359797,0.00333820251942,0.197830221917,2.13840063426,1.0
0.003884375,0.003884375,0.00333820251942,0.197830221917,0.000144939501512,0.00388166996041,0.00348314202093,0.201711891878,2.13840063426,1.0
0.00364895833333,0.003884375,0.00348314202093,0.201711891878,0.000148651801034,0.00376383796894,0.00363179382196,0.205475729847,2.22064680598,1.0
0.00376666666667,0.003884375,0.00363179382196,0.205475729847,0.000152346260019,0.00382254056232,0.00378414008198,0.209298270409,2.26176991303,1.0
0.00376666666667,0.00376666666667,0.00378414008198,0.209298270409,0.000148651802426,0.00376373224598,0.00393279188441,0.213062002655,2.26176991303,1.0625
0.00376666666667,0.003884375,0.00393279188441,0.213062002655,0.000155089747342,0.00382243121829,0.00408788163175,0.216884433873,2.30289302007,1.0625
0.00376666666667,0.00376666666667,0.00408788163175,0.216884433873,0.000151353121062,0.00376362458416,0.00423923475281,0.220648058458,2.30289302007,1.125
0.00376666666667,0.003884375,0.00423923475281,0.220648058458,0.000157833154773,0.00382231990517,0.00439706790758,0.224470378363,2.34401612712,1.125
0.00353125,0.00376666666667,0.00439706790758,0.224470378363,0.000157090172904,0.00364568715482,0.00455415808049,0.228116065518,2.42626229884,1.125
0.00376666666667,0.00376666666667,0.00455415808049,0.228116065518,0.000159456600813,0.00376328996627,0.0047136146813,0.231879355484,2.42626229884,1.1875
0.00364895833333,0.00376666666667,0.0047136146813,0.231879355484,0.000160953253647,0.00370437494727,0.00487456793495,0.235583730431,2.46738540588,1.1875
0.00364895833333,0.00376666666667,0.00487456793495,0.235583730431,0.000163611925104,0.00370425942571,0.00503817986005,0.239287989857,2.50850851293,1.25
0.00364895833333,0.00376666666667,0.00503817986005,0.239287989857,0.000166270512278,0.00370414199593,0.00520445037233,0.242992131853,2.54963161997,1.25
0.00364895833333,0.00364895833333,0.00520445037233,0.242992131853,0.000162323114561,0.00364534609123,0.00536677348689,0.246637477944,2.54963161997,1.25
0.00376666666667,0.00364895833333,0.00536677348689,0.246637477944,0.000160953253647,0.00370425942571,0.00552772674054,0.25034173737,2.50850851293,1.25
0.00376666666667,0.00376666666667,0.00552772674054,0.25034173737,0.000164858514108,0.00376305719437,0.00569258525464,0.254104794564,2.50850851293,1.3125
0.00364895833333,0.00364895833333,0.00569258525464,0.254104794564,0.000159706685542,0.00364546165705,0.00585229194019,0.257750256221,2.50850851293,1.3125
0.00376666666667,0.00376666666667,0.00585229194019,0.257750256221,0.000164858514108,0.00376305719437,0.00601715045429,0.261513313415,2.50850851293,1.375
0.00364895833333,0.00364895833333,0.00601715045429,0.261513313415,0.000159706685542,0.00364546165705,0.00617685713984,0.265158775073,2.50850851293,1.375
0.00364895833333,0.00376666666667,0.00617685713984,0.265158775073,0.000166270512278,0.00370414199593,0.00634312765211,0.268862917068,2.54963161997,1.375
0.00364895833333,0.00364895833333,0.00634312765211,0.268862917068,0.000162323114561,0.00364534609123,0.00650545076668,0.27250826316,2.54963161997,1.375
0.00376666666667,0.003884375,0.00650545076668,0.27250826316,0.000174291839634,0.00382161067889,0.00667974260631,0.276329873839,2.59075472702,1.375
0.00364895833333,0.00376666666667,0.00667974260631,0.276329873839,0.000171587428298,0.00370390141197,0.00685133003461,0.280033775251,2.63187783407,1.375
0.00353125,0.00364895833333,0.00685133003461,0.280033775251,0.000168714143154,0.00358619799575,0.00702004417776,0.283619973246,2.67300094111,1.375
0.002471875,0.002471875,0.00702004417776,0.283619973246,0.000115277734991,0.00246918550527,0.00713532191275,0.286089158752,2.67300094111,1.375
0.00235416666667,0.00223645833333,0.00713532191275,0.286089158752,0.00010457510378,0.00229289135027,0.00723989701653,0.288382050102,2.63187783407,1.375
0.00211875,0.00211875,0.00723989701653,0.288382050102,9.72904182925e-05,0.00211651509255,0.00733718743483,0.290498565194,2.63187783407,1.375
0.00223645833333,0.00200104166667,0.00733718743483,0.290498565194,9.27329165336e-05,0.00211665256903,0.00742992035136,0.292615217763,2.54963166234,1.375
0.00200104166667,0.00200104166667,0.00742992035136,0.292615217763,8.90159030117e-05,0.00199906075964,0.00751893625437,0.294614278523,2.54963166234,1.375
0.00188333333333,0.00188333333333,0.00751893625437,0.294614278523,8.37796734227e-05,0.00188146895025,0.00760271592779,0.296495747473,2.54963166234,1.375
0.00188333333333,0.00188333333333,0.00760271592779,0.296495747473,8.37796734227e-05,0.00188146895025,0.00768649560122,0.298377216424,2.54963166234,1.375
0.00164791666667,0.00153020833333,0.00768649560122,0.298377216424,6.89799670225e-05,0.00158753975382,0.00775547556824,0.299964756177,2.5085085553,1.375
0.00153020833333,0.00153020833333,0.00775547556824,0.299964756177,6.69737724868e-05,0.00152874198516,0.00782244934073,0.301493498163,2.5085085553,1.375
0.0014125,0.0014125,0.00782244934073,0.301493498163,6.1821943834e-05,0.00141114644784,0.00788427128456,0.30290464461,2.5085085553,1.375
0.00117708333333,0.00129479166667,0.00788427128456,0.30290464461,5.54235050057e-05,0.0012347139986,0.00793969478957,0.304139358609,2.54963166234,1.375
0.00117708333333,0.00117708333333,0.00793969478957,0.304139358609,5.23622958892e-05,0.00117591809391,0.00799205708545,0.305315276703,2.54963166234,1.375
0.001059375,0.001059375,0.00799205708545,0.305315276703,4.71260663003e-05,0.00105832628452,0.00803918315175,0.306373602987,2.54963166234,1.375
0.000823958333333,0.000941666666667,0.00803918315175,0.306373602987,4.02211944138e-05,0.000881910156637,0.00807940434617,0.307255513144,2.59075476939,1.375
0.000941666666667,0.000941666666667,0.00807940434617,0.307255513144,4.25650226209e-05,0.000940704167079,0.00812196936879,0.308196217311,2.59075476939,1.375
0.000823958333333,0.00070625,0.00812196936879,0.308196217311,3.37611914597e-05,0.00076434676104,0.00815573056025,0.308960564072,2.54963166234,1.375
0.00070625,0.00070625,0.00815573056025,0.308960564072,3.14173775335e-05,0.000705550856345,0.00818714793778,0.309666114929,2.54963166234,1.375
0.000588541666667,0.000470833333333,0.00818714793778,0.309666114929,2.29933223408e-05,0.000529179917941,0.00821014126012,0.310195294846,2.5085085553,1.375
0.000470833333333,0.000470833333333,0.00821014126012,0.310195294846,2.06073146113e-05,0.000470382149281,0.00823074857473,0.310665676996,2.5085085553,1.375
0.000470833333333,0.000235416666667,0.00823074857473,0.310665676996,1.46958306762e-05,0.000352808434316,0.00824544440541,0.31101848543,2.42626238358,1.375
0.000353125,0.000235416666667,0.00824544440541,0.31101848543,1.2141012123e-05,0.000294015894069,0.00825758541753,0.311312501324,2.38513927653,1.375
0.000235416666667,0.000235416666667,0.00825758541753,0.311312501324,9.79722036385e-06,0.000235212715255,0.0082673826379,0.311547714039,2.38513927653,1.375
0.0,0.000117708333333,0.0082673826379,0.311547714039,2.51261118657e-06,5.88014057193e-05,0.00826989524908,0.311606515445,2.42626238358,1.375
0.0,0.000117708333333,0.00826989524908,0.311606515445,2.5548136369e-06,5.87996023338e-05,0.00827245006272,0.311665315047,2.46738549062,1.375
0.0,0.0,0.00827245006272,0.311665315047,0.0,0.0,0.00827245006272,0.311665315047,2.46738549062,1.375
0.0,0.0,0.00827245006272,0.311665315047,0.0,0.0,0.00827245006272,0.311665315047,2.46738549062,1.375
0.0,0.0,0.00827245006272,0.311665315047,0.0,0.0,0.00827245006272,0.311665315047,2.46738549062,1.375
0.0,0.0,0.00827245006272,0.311665315047,0.0,0.0,0.00827245006272,0.311665315047,2.46738549062,1.375
0.0,0.0,0.00827245006272,0.311665315047,0.0,0.0,0.00827245006272,0.311665315047,2.46738549062,1.375
0.0,0.0,0.00827245006272,0.311665315047,0.0,0.0,0.00827245006272,0.311665315047,2.46738549062,1.375
0.0,0.0,0.00827245006272,0.311665315047,0.0,0.0,0.00827245006272,0.311665315047,2.46738549062,1.375
0.0,0.0,0.00827245006272,0.311665315047,0.0,0.0,0.00827245006272,0.311665315047,2.46738549062,1.375
0.0,0.0,0.00827245006272,0.311665315047,0.0,0.0,0.00827245006272,0.311665315047,2.46738549062,1.375
0.0,0.0,0.00827245006272,0.311665315047,0.0,0.0,0.00827245006272,0.311665315047,2.46738549062,1.375
0.0,0.0,0.00827245006272,0.311665315047,0.0,0.0,0.00827245006272,0.311665315047,2.46738549062,1.375
