deltaR,deltaL,prevx,prevy,dx,dy,x,y,degrees,gyro
0.0,0.0,0,0,0.0,0.0,0.0,0.0,0.0,0.0
0.000117708333333,0.000117708333333,0.0,0.0,0.0,0.000117708333333,0.0,0.000117708333333,0.0,0.0
0.000235416666667,0.000353125,0.0,0.000117708333333,3.16812042998e-07,0.000294270757538,3.16812042998e-07,0.000411979090871,0.0411231070454,0.0
0.000470833333333,0.000353125,3.16812042998e-07,0.000411979090871,-1.47845645453e-07,0.000411979166667,1.68966397545e-07,0.000823958257538,1.24240417245e-17,0.0
0.00070625,0.000588541666667,1.68966397545e-07,0.000823958257538,-6.96986494595e-07,0.000647395666583,-5.2802009705e-07,0.00147135392412,-0.0411231070454,0.0
0.000588541666667,0.000470833333333,-5.2802009705e-07,0.00147135392412,-9.50435802588e-07,0.000529686954272,-1.47845589964e-06,0.00200104087839,-0.0822462140908,0.0625
0.00070625,0.000588541666667,-1.47845589964e-06,0.00200104087839,-1.62630042443e-06,0.000647394332582,-3.10475632407e-06,0.00264843521097,-0.123369321136,0.0625
0.000823958333333,0.000941666666667,-3.10475632407e-06,0.00264843521097,-9.50436128994e-07,0.000882811590453,-4.05519245306e-06,0.00353124680143,-0.0822462140908,0.0
0.000941666666667,0.001059375,-4.05519245306e-06,0.00353124680143,-3.59053710385e-07,0.00100052057563,-4.41424616345e-06,0.00453176737706,-0.0411231070454,0.0
0.001059375,0.00117708333333,-4.41424616345e-06,0.00453176737706,4.01295323372e-07,0.00111822916667,-4.01295084008e-06,0.00564999654372,0.0,0.0625
0.00129479166667,0.00129479166667,-4.01295084008e-06,0.00564999654372,0.0,0.00129479166667,-4.01295084008e-06,0.00694478821039,0.0,0.0625
0.00129479166667,0.00129479166667,-4.01295084008e-06,0.00694478821039,0.0,0.00129479166667,-4.01295084008e-06,0.00823957987706,0.0,0.0625
0.0014125,0.0014125,-4.01295084008e-06,0.00823957987706,0.0,0.0014125,-4.01295084008e-06,0.00965207987706,0.0,0.0625
0.0014125,0.00153020833333,-4.01295084008e-06,0.00965207987706,1.58406021499e-06,0.00147135378769,-2.42889062509e-06,0.0111234336647,0.0411231070454,0.125
0.00164791666667,0.00164791666667,-2.42889062509e-06,0.0111234336647,1.18276508746e-06,0.00164791624221,-1.24612553762e-06,0.012771349907,0.0411231070454,0.125
0.00164791666667,0.00164791666667,-1.24612553762e-06,0.012771349907,1.18276508746e-06,0.00164791624221,-6.33604501633e-08,0.0144192661492,0.0411231070454,0.0625
0.00164791666667,0.001765625,-6.33604501633e-08,0.0144192661492,3.06251536389e-06,0.00170676907488,2.99915491373e-06,0.016126035224,0.0822462140908,0.125
0.001765625,0.001765625,2.99915491373e-06,0.016126035224,2.53449596318e-06,0.00176562318091,5.53365087691e-06,0.017891658405,0.0822462140908,0.125
0.00188333333333,0.00188333333333,5.53365087691e-06,0.017891658405,2.70346236072e-06,0.00188333139297,8.23711323763e-06,0.0197749897979,0.0822462140908,0.125
0.00188333333333,0.00200104166667,8.23711323763e-06,0.0197749897979,4.87890127329e-06,0.00194218299775,1.31160145109e-05,0.0217171727957,0.123369321136,0.125
0.00200104166667,0.00211875,1.31160145109e-05,0.0217171727957,6.65304262117e-06,0.00205988734424,1.97690571321e-05,0.0237770601399,0.164492428182,0.125
0.00188333333333,0.00211875,1.97690571321e-05,0.0237770601399,1.00534595921e-05,0.00200102311195,2.98225167242e-05,0.0257780832518,0.246738599904,0.125
0.00200104166667,0.00211875,2.98225167242e-05,0.0257780832518,1.10883685728e-05,0.00205986983552,4.0910885297e-05,0.0278379530874,0.28786170695,0.1875
0.00211875,0.00223645833333,4.0910885297e-05,0.0278379530874,1.32849035504e-05,0.00217756826999,5.41957888474e-05,0.0300155213574,0.328984813995,0.1875
0.00211875,0.00223645833333,5.41957888474e-05,0.0300155213574,1.4847810623e-05,0.00217755873497,6.90435994705e-05,0.0321930800923,0.37010792104,0.1875
0.00223645833333,0.00223645833333,6.90435994705e-05,0.0321930800923,1.44465298301e-05,0.00223641167376,8.34901293006e-05,0.0344294917661,0.37010792104,0.25
0.00211875,0.00235416666667,8.34901293006e-05,0.0344294917661,1.92619336559e-05,0.00223638863212,0.000102752062957,0.0366658803982,0.452354092763,0.25
0.00235416666667,0.00223645833333,0.000102752062957,0.0366658803982,1.56503932838e-05,0.00229525337974,0.00011840245624,0.0389611337779,0.411230985717,0.25
0.00223645833333,0.00235416666667,0.00011840245624,0.0389611337779,1.89451453207e-05,0.00229524096454,0.000137347601561,0.0412563747425,0.452354092763,0.25
0.00235416666667,0.002471875,0.000137347601561,0.0412563747425,2.16485331307e-05,0.00241293133451,0.000158996134692,0.043669306077,0.493477199808,0.25
0.00235416666667,0.002471875,0.000158996134692,0.043669306077,2.33803638748e-05,0.00241291579663,0.000182376498567,0.0460822218736,0.534600306854,0.3125
0.00235416666667,0.002471875,0.000182376498567,0.0460822218736,2.51121825747e-05,0.00241289901576,0.000207488681141,0.0484951208894,0.575723413899,0.3125
0.00223645833333,0.002471875,0.000207488681141,0.0484951208894,2.87235786343e-05,0.00235401143911,0.000236212259776,0.0508491323285,0.657969585621,0.3125
0.002471875,0.002471875,0.000236212259776,0.0508491323285,2.83857351426e-05,0.00247171201107,0.000264597994918,0.0533208443396,0.657969585621,0.3125
0.002471875,0.002471875,0.000264597994918,0.0533208443396,2.83857351426e-05,0.00247171201107,0.000292983730061,0.0557925563506,0.657969585621,0.3125
0.002471875,0.002471875,0.000292983730061,0.0557925563506,2.83857351426e-05,0.00247171201107,0.000321369465203,0.0582642683617,0.657969585621,0.3125
0.002471875,0.00270729166667,0.000321369465203,0.0582642683617,3.53128860745e-05,0.00258936722812,0.000356682351278,0.0608536355898,0.740215757344,0.3125
0.002471875,0.002471875,0.000356682351278,0.0608536355898,3.19337644528e-05,0.00247166871775,0.000388616115731,0.0633253043076,0.740215757344,0.375
0.002471875,0.00258958333333,0.000388616115731,0.0633253043076,3.54184294291e-05,0.0025304938555,0.00042403454516,0.0658557981631,0.781338864389,0.375
0.00258958333333,0.00270729166667,0.00042403454516,0.0658557981631,3.89664749839e-05,0.00264816464076,0.000463001020144,0.0685039628039,0.822461971435,0.375
0.002471875,0.00258958333333,0.000463001020144,0.0685039628039,3.90508146924e-05,0.00253044170996,0.000502051834836,0.0710344045138,0.86358507848,0.375
0.00258958333333,0.00270729166667,0.000502051834836,0.0710344045138,4.27677672734e-05,0.0026481073415,0.000544819602109,0.0736825118553,0.904708185526,0.375
0.00258958333333,0.00258958333333,0.000544819602109,0.0736825118553,4.08881754422e-05,0.00258926051169,0.000585707777552,0.076271772367,0.904708185526,0.375
0.00258958333333,0.00270729166667,0.000585707777552,0.076271772367,4.46683808604e-05,0.00264807664564,0.000630376158412,0.0789198490126,0.945831292571,0.375
0.00258958333333,0.00270729166667,0.000630376158412,0.0789198490126,4.6568971437e-05,0.00264804458564,0.000676945129849,0.0815678935983,0.986954399616,0.375
0.002825,0.00294270833333,0.000676945129849,0.0815678935983,5.27779414038e-05,0.00288338993144,0.000729723071253,0.0844512835297,1.02807750666,0.4375
0.00294270833333,0.00306041666667,0.000729723071253,0.0844512835297,5.70860902612e-05,0.00300103988975,0.000786809161514,0.0874523234195,1.06920061371,0.4375
0.00294270833333,0.003178125,0.000786809161514,0.0874523234195,6.36957418794e-05,0.00305979868097,0.000850504903393,0.0905121221004,1.15144678543,0.4375
0.00294270833333,0.00306041666667,0.000850504903393,0.0905121221004,6.35477486615e-05,0.00300091233418,0.000914052652055,0.0935130344346,1.19256989248,0.4375
0.00306041666667,0.00306041666667,0.000914052652055,0.0935130344346,6.36957430107e-05,0.0030597537525,0.000977748395066,0.0965727881871,1.19256989248,0.4375
0.00306041666667,0.003178125,0.000977748395066,0.0965727881871,6.82781037592e-05,0.00311854777182,0.00104602649882,0.0996913359589,1.23369299952,0.5
0.00294270833333,0.003178125,0.00104602649882,0.0996913359589,7.24798175581e-05,0.00305960951,0.00111850631638,0.102750945469,1.31593917124,0.5
0.00306041666667,0.00306041666667,0.00111850631638,0.102750945469,7.0283852382e-05,0.00305960951,0.00118879016876,0.105810554979,1.31593917124,0.5
0.00306041666667,0.003178125,0.00118879016876,0.105810554979,7.49927453721e-05,0.00311839593603,0.00126378291414,0.108928950915,1.35706227829,0.5625
0.00306041666667,0.003178125,0.00126378291414,0.108928950915,7.72308842853e-05,0.00311834211122,0.00134101379842,0.112047293026,1.39818538533,0.5625
0.00306041666667,0.00329583333333,0.00134101379842,0.112047293026,8.43888072182e-05,0.00317706416407,0.00142540260564,0.11522435719,1.48043155706,0.5625
0.003178125,0.003178125,0.00142540260564,0.11522435719,8.21085439848e-05,0.00317706416407,0.00150751114963,0.118401421354,1.48043155706,0.625
0.00329583333333,0.00341354166667,0.00150751114963,0.118401421354,9.02805312776e-05,0.0033535046589,0.0015977916809,0.121754926013,1.5215546641,0.625
0.00353125,0.00364895833333,0.0015977916809,0.121754926013,9.91917872367e-05,0.00358876897462,0.00169698346814,0.125343694988,1.56267777115,0.625
0.00353125,0.00364895833333,0.00169698346814,0.125343694988,0.000101767516219,0.00358869778134,0.00179875098436,0.128932392769,1.60380087819,0.6875
0.00353125,0.00364895833333,0.00179875098436,0.128932392769,0.000104343192776,0.00358862473938,0.00190309417713,0.132521017509,1.64492398524,0.6875
0.00364895833333,0.00364895833333,0.00190309417713,0.132521017509,0.000104744793283,0.00364745465314,0.00200783897042,0.136168472162,1.64492398524,0.6875
0.00364895833333,0.00364895833333,0.00200783897042,0.136168472162,0.000104744793283,0.00364745465314,0.0021125837637,0.139815926815,1.64492398524,0.6875
0.00353125,0.00364895833333,0.0021125837637,0.139815926815,0.000106918815582,0.00358854984876,0.00221950257928,0.143404476664,1.68604709228,0.75
0.00353125,0.00364895833333,0.00221950257928,0.143404476664,0.00010949438331,0.00358847310953,0.00232899696259,0.146992949773,1.72717019933,0.75
0.00353125,0.00353125,0.00232899696259,0.146992949773,0.00010643272762,0.00352964568151,0.00243542969021,0.150522595455,1.72717019933,0.75
0.00353125,0.00364895833333,0.00243542969021,0.150522595455,0.000112069894633,0.00358839452174,0.00254749958485,0.154110989976,1.76829330637,0.8125
0.00364895833333,0.00364895833333,0.00254749958485,0.154110989976,0.000112598246861,0.00364722066144,0.00266009783171,0.157758210638,1.76829330637,0.8125
0.00353125,0.00353125,0.00266009783171,0.157758210638,0.000108966045349,0.00352956838203,0.00276906387706,0.16128777902,1.76829330637,0.8125
0.00353125,0.00364895833333,0.00276906387706,0.16128777902,0.000114645348223,0.00358831408541,0.00288370922528,0.164876093105,1.80941641342,0.8125
0.00353125,0.00353125,0.00288370922528,0.164876093105,0.000111499306945,0.00352948926433,0.00299520853222,0.16840558237,1.80941641342,0.875
0.00353125,0.00353125,0.00299520853222,0.16840558237,0.000111499306945,0.00352948926433,0.00310670783917,0.171935071634,1.80941641342,0.875
0.00364895833333,0.00364895833333,0.00310670783917,0.171935071634,0.00011521595051,0.00364713890648,0.00322192378968,0.17558221054,1.80941641342,0.875
0.00364895833333,0.00353125,0.00322192378968,0.17558221054,0.00010949438331,0.00358839452174,0.00333141817299,0.179170605062,1.76829330637,0.9375
0.00376666666667,0.003884375,0.00333141817299,0.179170605062,0.000122163075976,0.0038236133697,0.00345358124896,0.182994218432,1.80941641342,0.9375
0.00376666666667,0.00376666666667,0.00345358124896,0.182994218432,0.000118932594075,0.00376478854862,0.00357251384304,0.18675900698,1.80941641342,0.9375
0.00376666666667,0.003884375,0.00357251384304,0.18675900698,0.000124907348838,0.00382352568915,0.00369742119188,0.19058253267,1.85053952046,0.9375
0.003884375,0.00376666666667,0.00369742119188,0.19058253267,0.000119418740182,0.0038236133697,0.00381683993206,0.194406146039,1.80941641342,0.9375
0.00376666666667,0.003884375,0.00381683993206,0.194406146039,0.000124907348838,0.00382352568915,0.0039417472809,0.198229671728,1.85053952046,0.9375
0.002471875,0.00258958333333,0.0039417472809,0.198229671728,8.44464148655e-05,0.002529349995,0.00402619369576,0.200759021723,1.89166262751,0.9375
0.00235416666667,0.00235416666667,0.00402619369576,0.200759021723,7.77104376786e-05,0.00235288371628,0.00410390413344,0.20311190544,1.89166262751,0.9375
0.00223645833333,0.00211875,0.00410390413344,0.20311190544,6.95389817092e-05,0.00217646846921,0.00417344311515,0.205288373909,1.85053952046,0.9375
0.00211875,0.00200104166667,0.00417344311515,0.205288373909,6.43023985597e-05,0.00205886873753,0.00423774551371,0.207347242646,1.80941641342,0.9375
0.00200104166667,0.00200104166667,0.00423774551371,0.207347242646,6.31829406021e-05,0.00200004391646,0.00430092845431,0.209347286563,1.80941641342,0.9375
0.00200104166667,0.00188333333333,0.00430092845431,0.209347286563,5.92346663808e-05,0.00194126261012,0.00436016312069,0.211288549173,1.76829330637,0.9375
0.001765625,0.00188333333333,0.00436016312069,0.211288549173,5.82623900807e-05,0.00182356945324,0.00441842551077,0.213112118626,1.80941641342,0.9375
0.001765625,0.00164791666667,0.00441842551077,0.213112118626,5.20547068195e-05,0.00170595805132,0.00447048021759,0.214818076678,1.76829330637,0.9375
0.00153020833333,0.00153020833333,0.00447048021759,0.214818076678,4.72186196513e-05,0.00152947963222,0.00451769883724,0.21634755631,1.76829330637,0.9375
0.0014125,0.00153020833333,0.00451769883724,0.21634755631,4.69857984522e-05,0.00147062052681,0.0045646846357,0.217818176837,1.80941641342,0.9375
0.00129479166667,0.00129479166667,0.0045646846357,0.217818176837,4.08830792131e-05,0.00129414606359,0.00460556771491,0.2191123229,1.80941641342,0.9375
0.00117708333333,0.00117708333333,0.00460556771491,0.2191123229,3.71664356483e-05,0.00117649642144,0.00464273415056,0.220288819322,1.80941641342,0.9375
0.001059375,0.001059375,0.00464273415056,0.220288819322,3.34497920835e-05,0.0010588467793,0.00467618394264,0.221347666101,1.80941641342,0.9375
0.000941666666667,0.000823958333333,0.00467618394264,0.221347666101,2.69248483549e-05,0.000882392095509,0.004703108791,0.222230058196,1.76829330637,0.9375
0.000823958333333,0.000823958333333,0.004703108791,0.222230058196,2.54254105814e-05,0.000823565955808,0.00472853420158,0.223053624152,1.76829330637,0.9375
0.00070625,0.000823958333333,0.00472853420158,0.223053624152,2.44326151951e-05,0.000764722673939,0.00475296681677,0.223818346826,1.80941641342,0.9375
0.00070625,0.000588541666667,0.00475296681677,0.223818346826,1.97448887936e-05,0.000647087536706,0.00477271170557,0.224465434363,1.76829330637,0.9375
0.000588541666667,0.000588541666667,0.00477271170557,0.224465434363,1.81610075582e-05,0.000588261397006,0.00479087271313,0.22505369576,1.76829330637,0.9375
0.000470833333333,0.000470833333333,0.00479087271313,0.22505369576,1.45288060465e-05,0.000470609117605,0.00480540151917,0.225524304878,1.76829330637,0.9375
0.000470833333333,0.000353125,0.00480540151917,0.225524304878,1.22693722799e-05,0.000411791996176,0.00481767089145,0.225936096874,1.72717019933,0.9375
0.000353125,0.000353125,0.00481767089145,0.225936096874,1.0643272762e-05,0.000352964568151,0.00482831416421,0.226289061442,1.72717019933,0.9375
0.000117708333333,0.000235416666667,0.00482831416421,0.226289061442,5.51163416226e-06,0.000176478419102,0.00483382579838,0.226465539861,1.76829330637,0.9375
0.000117708333333,0.0,0.00483382579838,0.226465539861,1.75276746856e-06,5.88274280251e-05,0.00483557856584,0.226524367289,1.72717019933,0.9375
0.0,0.0,0.00483557856584,0.226524367289,0.0,0.0,0.00483557856584,0.226524367289,1.72717019933,0.9375
0.0,0.0,0.00483557856584,0.226524367289,0.0,0.0,0.00483557856584,0.226524367289,1.72717019933,0.9375
0.0,0.0,0.00483557856584,0.226524367289,0.0,0.0,0.00483557856584,0.226524367289,1.72717019933,0.9375
0.0,0.0,0.00483557856584,0.226524367289,0.0,0.0,0.00483557856584,0.226524367289,1.72717019933,0.9375
0.0,0.0,0.00483557856584,0.226524367289,0.0,0.0,0.00483557856584,0.226524367289,1.72717019933,0.9375
0.0,0.0,0.00483557856584,0.226524367289,0.0,0.0,0.00483557856584,0.226524367289,1.72717019933,0.9375
0.0,0.0,0.00483557856584,0.226524367289,0.0,0.0,0.00483557856584,0.226524367289,1.72717019933,0.9375
0.0,0.0,0.00483557856584,0.226524367289,0.0,0.0,0.00483557856584,0.226524367289,1.72717019933,0.9375
0.0,0.0,0.00483557856584,0.226524367289,0.0,0.0,0.00483557856584,0.226524367289,1.72717019933,0.9375
0.0,0.0,0.00483557856584,0.226524367289,0.0,0.0,0.00483557856584,0.226524367289,1.72717019933,0.9375
0.0,0.0,0.00483557856584,0.226524367289,0.0,0.0,0.00483557856584,0.226524367289,1.72717019933,0.9375
0.0,0.0,0.00483557856584,0.226524367289,0.0,0.0,0.00483557856584,0.226524367289,1.72717019933,0.9375
0.0,0.0,0.00483557856584,0.226524367289,0.0,0.0,0.00483557856584,0.226524367289,1.72717019933,0.9375
0.0,0.0,0.00483557856584,0.226524367289,0.0,0.0,0.00483557856584,0.226524367289,1.72717019933,0.9375
