deltaR,deltaL,prevx,prevy,dx,dy,x,y,degrees,gyro
0.0,0.0,0,0,0.0,0.0,0.0,0.0,0.0,0.0
0.000117708333333,0.000117708333333,0.0,0.0,0.0,0.000117708333333,0.0,0.000117708333333,0.0,0.0
0.000235416666667,0.000470833333333,0.0,0.000117708333333,7.60348070861e-07,0.000353124636182,7.60348070861e-07,0.000470832969515,0.0822461717224,0.0
0.000353125,0.000588541666667,7.60348070861e-07,0.000470832969515,1.68966005859e-06,0.00047083139297,2.45000812945e-06,0.000941664362485,0.164492343445,0.0
0.000470833333333,0.000588541666667,2.45000812945e-06,0.000941664362485,2.09095367377e-06,0.000529684089206,4.54096180321e-06,0.00147134845169,0.20561545049,0.0
0.00070625,0.000588541666667,4.54096180321e-06,0.00147134845169,1.62629946698e-06,0.000647393165334,6.16726127019e-06,0.00211874161703,0.164492343445,0.0
0.000823958333333,0.000823958333333,6.16726127019e-06,0.00211874161703,2.36552590989e-06,0.000823954937698,8.53278718008e-06,0.00294269655472,0.164492343445,0.0625
0.001059375,0.000941666666667,8.53278718008e-06,0.00294269655472,1.79526614741e-06,0.00100051851399,1.03280533275e-05,0.00394321506872,0.123369236399,0.0625
0.00117708333333,0.001059375,1.03280533275e-05,0.00394321506872,1.2038841096e-06,0.00111822801458,1.15319374371e-05,0.00506144308329,0.082246129354,0.0625
0.001059375,0.00129479166667,1.15319374371e-05,0.00506144308329,4.22414927605e-06,0.00117707848243,1.57560867131e-05,0.00623852156572,0.164492301076,0.0625
0.00117708333333,0.00129479166667,1.57560867131e-05,0.00623852156572,4.87889099153e-06,0.00123592954148,2.06349777047e-05,0.0074744511072,0.205615408122,0.0625
0.0014125,0.0014125,2.06349777047e-05,0.0074744511072,5.06897965351e-06,0.00141249090455,2.57039573582e-05,0.00888694201176,0.205615408122,0.0625
0.0014125,0.00153020833333,2.57039573582e-05,0.00888694201176,6.86423409385e-06,0.0014713405235,3.2568191452e-05,0.0103582825353,0.246738515167,0.0625
0.00164791666667,0.00153020833333,3.2568191452e-05,0.0103582825353,5.13234363974e-06,0.00158905226762,3.77005350918e-05,0.0119473348029,0.205615408122,0.0625
0.00164791666667,0.00164791666667,3.77005350918e-05,0.0119473348029,5.91380959576e-06,0.00164790605531,4.36143446875e-05,0.0135952408582,0.205615408122,0.125
0.001765625,0.001765625,4.36143446875e-05,0.0135952408582,6.33622456689e-06,0.00176561363069,4.99505692544e-05,0.0153608544889,0.205615408122,0.125
0.001765625,0.001765625,4.99505692544e-05,0.0153608544889,6.33622456689e-06,0.00176561363069,5.62867938213e-05,0.0171264681196,0.205615408122,0.0625
0.00188333333333,0.00200104166667,5.62867938213e-05,0.0171264681196,9.06078900388e-06,0.00194216949102,6.53475828252e-05,0.0190686376106,0.246738515167,0.125
0.00188333333333,0.00200104166667,6.53475828252e-05,0.0190686376106,1.04547446392e-05,0.00194216298779,7.58023274644e-05,0.0210108005984,0.287861622213,0.125
0.00200104166667,0.00211875,7.58023274644e-05,0.0210108005984,1.25667976094e-05,0.00205986187704,8.83691250738e-05,0.0230706624754,0.328984729258,0.125
0.00200104166667,0.00211875,8.83691250738e-05,0.0230706624754,1.40452232187e-05,0.00205985285743,0.000102414348292,0.0251305153328,0.370107836304,0.125
0.00211875,0.00200104166667,0.000102414348292,0.0251305153328,1.10883655264e-05,0.00205986187704,0.000113502713819,0.0271903772099,0.328984729258,0.125
0.00211875,0.00223645833333,0.000113502713819,0.0271903772099,1.48478074026e-05,0.00217755873499,0.000128350521221,0.0293679359449,0.370107836304,0.125
0.00211875,0.00223645833333,0.000128350521221,0.0293679359449,1.64107068265e-05,0.00217754807822,0.000144761228048,0.0315454840231,0.411230943349,0.125
0.00223645833333,0.00235416666667,0.000144761228048,0.0315454840231,1.89451436235e-05,0.00229524096456,0.000163706371671,0.0338407249877,0.452354050394,0.125
0.00223645833333,0.00235416666667,0.000163706371671,0.0338407249877,2.05925054271e-05,0.00229522736699,0.000184298877099,0.0361359523547,0.49347715744,0.125
0.00223645833333,0.00235416666667,0.000184298877099,0.0361359523547,2.22398566227e-05,0.00229521258706,0.000206538733721,0.0384311649417,0.534600264485,0.125
0.00235416666667,0.00235416666667,0.000206538733721,0.0384311649417,2.19653152861e-05,0.00235406419185,0.000228504049007,0.0407852291336,0.534600264485,0.125
0.00235416666667,0.00235416666667,0.000228504049007,0.0407852291336,2.19653152861e-05,0.00235406419185,0.000250469364293,0.0431392933254,0.534600264485,0.125
0.00235416666667,0.002471875,0.000250469364293,0.0431392933254,2.51121807904e-05,0.00241289901578,0.000275581545084,0.0455521923412,0.575723371531,0.125
0.00235416666667,0.002471875,0.000275581545084,0.0455521923412,2.6843986554e-05,0.00241288099192,0.000302425531638,0.0479650733331,0.616846478576,0.125
0.002471875,0.00235416666667,0.000302425531638,0.0479650733331,2.33803620905e-05,0.00241289901578,0.000325805893728,0.0503779723489,0.575723371531,0.125
0.002471875,0.002471875,0.000325805893728,0.0503779723489,2.4837645514e-05,0.00247175021129,0.000350643539242,0.0528497225602,0.575723371531,0.125
0.002471875,0.002471875,0.000350643539242,0.0528497225602,2.4837645514e-05,0.00247175021129,0.000375481184756,0.0553214727715,0.575723371531,0.125
0.002471875,0.002471875,0.000375481184756,0.0553214727715,2.4837645514e-05,0.00247175021129,0.000400318830271,0.0577932229828,0.575723371531,0.125
0.002471875,0.00258958333333,0.000400318830271,0.0577932229828,2.81534493127e-05,0.00253058250372,0.000428472279583,0.0603238054865,0.616846478576,0.125
0.002471875,0.002471875,0.000428472279583,0.0603238054865,2.66116971827e-05,0.00247173174782,0.000455083976766,0.0627955372343,0.616846478576,0.125
0.002471875,0.00258958333333,0.000455083976766,0.0627955372343,2.99697189032e-05,0.00253056229705,0.000485053695669,0.0653260995313,0.657969585621,0.125
0.002471875,0.00258958333333,0.000485053695669,0.0653260995313,3.17859730551e-05,0.00253054078677,0.000516839668724,0.0678566403181,0.699092692667,0.125
0.002471875,0.00270729166667,0.000516839668724,0.0678566403181,3.71713350122e-05,0.00258934254982,0.000554011003736,0.0704459828679,0.781338864389,0.125
0.00258958333333,0.002471875,0.000554011003736,0.0704459828679,3.17859711838e-05,0.00253051797294,0.00058579697492,0.0729765008409,0.740215757344,0.125
0.002471875,0.00270729166667,0.00058579697492,0.0729765008409,3.90297628868e-05,0.00258931653766,0.000624826737807,0.0755658173785,0.822461929066,0.125
0.002471875,0.00258958333333,0.000624826737807,0.0755658173785,3.90508128212e-05,0.00253044170999,0.000663877550628,0.0780962590885,0.863585036112,0.125
0.00258958333333,0.00270729166667,0.000663877550628,0.0780962590885,4.27677653152e-05,0.00264810734153,0.000706645315943,0.0807443664301,0.904708143157,0.125
0.00258958333333,0.00270729166667,0.000706645315943,0.0807443664301,4.46683789023e-05,0.00264807664567,0.000751313694846,0.0833924430757,0.945831250203,0.125
0.00294270833333,0.00306041666667,0.000751313694846,0.0833924430757,5.27781654094e-05,0.00300111719709,0.000804091860255,0.0863935602728,0.986954357248,0.1875
0.00294270833333,0.003178125,0.000804091860255,0.0863935602728,5.93034992472e-05,0.00305988380924,0.000863395359502,0.0894534440821,1.06920052897,0.1875
0.00294270833333,0.003178125,0.000863395359502,0.0894534440821,6.36957373542e-05,0.00305979868106,0.000927091096857,0.0925132427631,1.15144670069,0.1875
0.00294270833333,0.00306041666667,0.000927091096857,0.0925132427631,6.35477442233e-05,0.00300091233427,0.00099063884108,0.0955141550974,1.19256980774,0.1875
0.00306041666667,0.003178125,0.00099063884108,0.0955141550974,6.82780991471e-05,0.00311854777192,0.00105891694023,0.0986327028693,1.23369291478,0.25
0.00294270833333,0.00306041666667,0.00105891694023,0.0986327028693,6.78553561386e-05,0.0030008195677,0.00112677229637,0.101633522437,1.27481602183,0.25
0.00306041666667,0.00306041666667,0.00112677229637,0.101633522437,6.8087847606e-05,0.00305965916707,0.00119486014397,0.104693181604,1.27481602183,0.25
0.00306041666667,0.003178125,0.00119486014397,0.104693181604,7.2754565521e-05,0.00311844815448,0.00126761470949,0.107811629759,1.31593912887,0.25
0.00306041666667,0.003178125,0.00126761470949,0.107811629759,7.49927430662e-05,0.00311839593608,0.00134260745256,0.110930025695,1.35706223592,0.25
0.00306041666667,0.00306041666667,0.00134260745256,0.110930025695,7.24798164269e-05,0.00305955827691,0.00141508726899,0.113989583972,1.35706223592,0.3125
0.003178125,0.00306041666667,0.00141508726899,0.113989583972,7.0516350497e-05,0.00311844815448,0.00148560361948,0.117108032126,1.31593912887,0.3125
0.00329583333333,0.00341354166667,0.00148560361948,0.117108032126,8.06525727315e-05,0.00335374657277,0.00156625619221,0.120461778699,1.35706223592,0.3125
0.00341354166667,0.00353125,0.00156625619221,0.120461778699,8.59740006941e-05,0.00347136197293,0.00165223019291,0.123933140672,1.39818534297,0.375
0.00353125,0.00364895833333,0.00165223019291,0.123933140672,9.14642990109e-05,0.00358897146197,0.00174369449192,0.127522112134,1.43930845001,0.375
0.00353125,0.00364895833333,0.00174369449192,0.127522112134,9.40401773058e-05,0.00358890581497,0.00183773466922,0.131111017949,1.48043155706,0.375
0.00341354166667,0.00364895833333,0.00183773466922,0.131111017949,9.88324467712e-05,0.00352993669642,0.001936567116,0.134640954645,1.56267772878,0.4375
0.00353125,0.00364895833333,0.001936567116,0.134640954645,0.000101767513565,0.00358869778142,0.00203833462956,0.138229652426,1.60380083582,0.4375
0.00353125,0.00353125,0.00203833462956,0.138229652426,9.88324480763e-05,0.00352986667025,0.00213716707764,0.141759519097,1.60380083582,0.4375
0.00341354166667,0.00364895833333,0.00213716707764,0.141759519097,0.000106432721095,0.00352972116287,0.00224359979873,0.14528924026,1.68604700755,0.5
0.00353125,0.00364895833333,0.00224359979873,0.14528924026,0.000109494378003,0.00358847310969,0.00235309417674,0.148877713369,1.72717011459,0.5
0.00353125,0.00364895833333,0.00235309417674,0.148877713369,0.000112069889326,0.0035883945219,0.00246516406606,0.152466107891,1.76829322164,0.5
0.00353125,0.00353125,0.00246516406606,0.152466107891,0.000108966040129,0.0035295683822,0.00257413010619,0.155995676273,1.76829322164,0.5625
0.00353125,0.00353125,0.00257413010619,0.155995676273,0.000108966040129,0.0035295683822,0.00268309614632,0.159525244656,1.76829322164,0.5625
0.00353125,0.00353125,0.00268309614632,0.159525244656,0.000108966040129,0.0035295683822,0.00279206218645,0.163054813038,1.76829322164,0.5625
0.00353125,0.00364895833333,0.00279206218645,0.163054813038,0.000114645342916,0.00358831408557,0.00290670752936,0.166643127123,1.80941632868,0.625
0.00353125,0.00341354166667,0.00290670752936,0.166643127123,0.000105904398396,0.00347074224249,0.00301261192776,0.170113869366,1.76829322164,0.625
0.00353125,0.00353125,0.00301261192776,0.170113869366,0.000108966040129,0.0035295683822,0.00312157796789,0.173643437748,1.76829322164,0.6875
0.00353125,0.00353125,0.00312157796789,0.173643437748,0.000108966040129,0.0035295683822,0.00323054400802,0.17717300613,1.76829322164,0.6875
0.00364895833333,0.003884375,0.00323054400802,0.17717300613,0.000124336690542,0.00376470221728,0.00335488069856,0.180937708348,1.85053939336,0.75
0.00376666666667,0.00376666666667,0.00335488069856,0.180937708348,0.000121634670158,0.00376470221728,0.00347651536872,0.184702410565,1.85053939336,0.75
0.00376666666667,0.00376666666667,0.00347651536872,0.184702410565,0.000121634670158,0.00376470221728,0.00359815003888,0.188467112782,1.85053939336,0.75
0.00364895833333,0.00376666666667,0.00359815003888,0.188467112782,0.000123723808908,0.00370579185341,0.00372187384779,0.192172904636,1.89166250041,0.75
0.00376666666667,0.00376666666667,0.00372187384779,0.192172904636,0.000124336691934,0.00376461394632,0.00384621053972,0.195937518582,1.89166250041,0.75
0.00364895833333,0.00376666666667,0.00384621053972,0.195937518582,0.000126383516505,0.00370570305267,0.00397259405622,0.199643221634,1.93278560745,0.8125
0.00376666666667,0.003884375,0.00397259405622,0.199643221634,0.000133139767218,0.00382325083005,0.00410573382344,0.203466472465,1.9739087145,0.8125
0.00364895833333,0.00376666666667,0.00410573382344,0.203466472465,0.000131702735012,0.00370551972436,0.00423743655846,0.207171992189,2.01503182154,0.875
0.00364895833333,0.00376666666667,0.00423743655846,0.207171992189,0.000134362243183,0.00370542519689,0.00437179880164,0.210877417386,2.05615492859,0.875
0.00364895833333,0.00376666666667,0.00437179880164,0.210877417386,0.000137021682138,0.00370532876059,0.00450882048378,0.214582746146,2.09727803563,0.875
0.00376666666667,0.00376666666667,0.00450882048378,0.214582746146,0.000137845812214,0.00376414350282,0.00464666629599,0.218346889649,2.09727803563,0.9375
0.00364895833333,0.00364895833333,0.00464666629599,0.218346889649,0.000133538130582,0.00364651401836,0.00478020442657,0.221993403668,2.09727803563,0.9375
0.00376666666667,0.00376666666667,0.00478020442657,0.221993403668,0.000137845812214,0.00376414350282,0.00491805023878,0.22575754717,2.09727803563,0.9375
0.00364895833333,0.00364895833333,0.00491805023878,0.22575754717,0.000133538130582,0.00364651401836,0.00505158836937,0.229404061189,2.09727803563,0.9375
0.00364895833333,0.00364895833333,0.00505158836937,0.229404061189,0.000133538130582,0.00364651401836,0.00518512649995,0.233050575207,2.09727803563,1.0
0.00364895833333,0.00376666666667,0.00518512649995,0.233050575207,0.000139681050507,0.00370523041552,0.00532480755046,0.236755805623,2.13840114268,1.0
0.00364895833333,0.00376666666667,0.00532480755046,0.236755805623,0.000142340346921,0.00370513016174,0.00546714789738,0.240460935784,2.17952424972,1.0
0.00364895833333,0.00376666666667,0.00546714789738,0.240460935784,0.000144999570009,0.00370502799929,0.00561214746739,0.244165963784,2.22064735677,1.0625
0.00364895833333,0.00376666666667,0.00561214746739,0.244165963784,0.000147658718402,0.00370492392823,0.00575980618579,0.247870887712,2.26177046381,1.0625
0.00353125,0.00364895833333,0.00575980618579,0.247870887712,0.000145545797374,0.00358720468039,0.00590535198316,0.251458092392,2.30289357086,1.0625
0.00364895833333,0.00376666666667,0.00590535198316,0.251458092392,0.000152976785623,0.00370471006047,0.00605832876879,0.255162802453,2.3440166779,1.0625
0.00353125,0.00376666666667,0.00605832876879,0.255162802453,0.000157090207949,0.00364568715334,0.00621541897673,0.258808489606,2.42626284963,1.0625
0.00364895833333,0.00376666666667,0.00621541897673,0.258808489606,0.000160953289256,0.00370437494573,0.00637637226599,0.262512864552,2.46738595667,1.0625
0.00353125,0.00364895833333,0.00637637226599,0.262512864552,0.000158417930214,0.00358666388687,0.0065347901962,0.266099528439,2.50850906372,1.0625
0.00364895833333,0.00364895833333,0.0065347901962,0.266099528439,0.000159706720586,0.00364546165551,0.00669449691679,0.269744990094,2.50850906372,1.0625
0.00376666666667,0.00376666666667,0.00669449691679,0.269744990094,0.000164858550283,0.00376305719279,0.00685935546707,0.273508047287,2.50850906372,1.0625
0.00364895833333,0.00364895833333,0.00685935546707,0.273508047287,0.000159706720586,0.00364546165551,0.00701906218766,0.277153508943,2.50850906372,1.0625
0.00364895833333,0.00376666666667,0.00701906218766,0.277153508943,0.000166270547886,0.00370414199435,0.00718533273555,0.280857650937,2.54963217076,1.0625
0.00364895833333,0.00364895833333,0.00718533273555,0.280857650937,0.000162323149604,0.00364534608967,0.00734765588515,0.284502997027,2.54963217076,1.125
0.00364895833333,0.00376666666667,0.00734765588515,0.284502997027,0.000168929049406,0.00370402265639,0.00751658493455,0.288207019683,2.59075527781,1.125
0.00364895833333,0.00376666666667,0.00751658493455,0.288207019683,0.000171587463903,0.00370390141033,0.00768817239846,0.291910921093,2.63187838485,1.125
0.00353125,0.00376666666667,0.00768817239846,0.291910921093,0.000175404009404,0.00364486504837,0.00786357640786,0.295555786142,2.71412455658,1.125
0.00353125,0.00376666666667,0.00786357640786,0.295555786142,0.000180635729175,0.00364461326182,0.00804421213704,0.299200399403,2.7963707283,1.125
0.00376666666667,0.00376666666667,0.00804421213704,0.299200399403,0.00018376249305,0.00376218143155,0.00822797463009,0.302962580835,2.7963707283,1.125
0.00353125,0.00376666666667,0.00822797463009,0.302962580835,0.000185867076734,0.0036443539653,0.00841384170682,0.3066069348,2.87861690002,1.125
0.00364895833333,0.00376666666667,0.00841384170682,0.3066069348,0.000190193805517,0.00370299926705,0.00860403551234,0.310309934067,2.91974000707,1.125
0.00364895833333,0.003884375,0.00860403551234,0.310309934067,0.000199962196587,0.00376149774499,0.00880399770892,0.314071431812,3.00198617879,1.1875
0.00364895833333,0.00376666666667,0.00880399770892,0.314071431812,0.00019816651044,0.00370258401932,0.00900216421936,0.317774015832,3.04310928583,1.1875
0.00353125,0.00376666666667,0.00900216421936,0.317774015832,0.000201558781046,0.00364353102129,0.00920372300041,0.321417546853,3.12535545756,1.1875
0.00364895833333,0.00376666666667,0.00920372300041,0.321417546853,0.00020613829661,0.00370215160541,0.00940986129702,0.325119698458,3.1664785646,1.25
0.00376666666667,0.00376666666667,0.00940986129702,0.325119698458,0.000208060678599,0.00376091591661,0.00961792197562,0.328880614375,3.1664785646,1.25
0.00364895833333,0.00376666666667,0.00961792197562,0.328880614375,0.000208795349023,0.00370200365303,0.00982671732464,0.332582618028,3.20760167165,1.25
0.00364895833333,0.00376666666667,0.00982671732464,0.332582618028,0.000211452293878,0.00370185379359,0.0100381696185,0.336284471822,3.24872477869,1.25
0.00376666666667,0.00364895833333,0.0100381696185,0.336284471822,0.00020613829661,0.00370200365303,0.0102443079151,0.339986475475,3.20760167165,1.25
0.00376666666667,0.00376666666667,0.0102443079151,0.339986475475,0.00021075996056,0.00376076561578,0.0104550678757,0.34374724109,3.20760167165,1.25
0.00364895833333,0.00376666666667,0.0104550678757,0.34374724109,0.000211452293878,0.00370185379359,0.0106665201696,0.347449094884,3.24872477869,1.25
0.00258958333333,0.002471875,0.0106665201696,0.347449094884,0.000140697567527,0.0025267643981,0.0108072177371,0.349975859282,3.20760167165,1.25
0.00223645833333,0.00235416666667,0.0108072177371,0.349975859282,0.000130899039067,0.00229162377699,0.0109381167762,0.352267483059,3.24872477869,1.25
0.00211875,0.00211875,0.0109381167762,0.352267483059,0.000120070762846,0.00211534502491,0.011058187539,0.354382828084,3.24872477869,1.25
0.00200104166667,0.00200104166667,0.011058187539,0.354382828084,0.00011340016491,0.00199782585686,0.0111715877039,0.356380653941,3.24872477869,1.25
0.00200104166667,0.00188333333333,0.0111715877039,0.356380653941,0.000107977202986,0.00193914477063,0.0112795649069,0.358319798711,3.20760167165,1.25
0.00188333333333,0.00188333333333,0.0112795649069,0.358319798711,0.00010537998028,0.00188038280789,0.0113849448872,0.360200181519,3.20760167165,1.25
0.00188333333333,0.001765625,0.0113849448872,0.360200181519,0.000100125639336,0.00182169364711,0.0114850705265,0.362021875166,3.1664785646,1.25
0.00164791666667,0.00164791666667,0.0114850705265,0.362021875166,9.10265468872e-05,0.00164540071352,0.0115760970734,0.36366727588,3.1664785646,1.25
0.00164791666667,0.0014125,0.0115760970734,0.36366727588,8.12346434934e-05,0.00152799184925,0.0116573317169,0.365195267729,3.08423239288,1.25
0.0014125,0.0014125,0.0116573317169,0.365195267729,7.59981739906e-05,0.00141045401469,0.0117333298909,0.366605721744,3.08423239288,1.25
0.00129479166667,0.00129479166667,0.0117333298909,0.366605721744,6.96649928247e-05,0.00129291618013,0.0118029948837,0.367898637924,3.08423239288,1.25
0.00117708333333,0.00117708333333,0.0118029948837,0.367898637924,6.33318116588e-05,0.00117537834557,0.0118663266954,0.36907401627,3.08423239288,1.25
0.001059375,0.001059375,0.0118663266954,0.36907401627,5.6998630493e-05,0.00105784051102,0.0119233253259,0.370131856781,3.08423239288,1.25
0.000941666666667,0.001059375,0.0119233253259,0.370131856781,5.4907609407e-05,0.000999032699344,0.0119782329353,0.37113088948,3.12535549993,1.25
0.000823958333333,0.000823958333333,0.0119782329353,0.37113088948,4.49227826774e-05,0.000822732811225,0.012023155718,0.371953622291,3.12535549993,1.25
0.00070625,0.000823958333333,0.012023155718,0.371953622291,4.25364744685e-05,0.00076393604553,0.0120656921924,0.372717558337,3.16647860697,1.25
0.00070625,0.00070625,0.0120656921924,0.372717558337,3.90113777588e-05,0.000705171734335,0.0121047035702,0.373422730071,3.16647860697,1.25
0.000470833333333,0.000588541666667,0.0121047035702,0.373422730071,2.98279073944e-05,0.000528857664697,0.0121345314776,0.373951587736,3.20760171402,1.25
0.000470833333333,0.000588541666667,0.0121345314776,0.373951587736,3.0207470945e-05,0.000528836256205,0.0121647389485,0.374480423992,3.24872482106,1.25
0.000353125,0.000353125,0.0121647389485,0.374480423992,2.00117940684e-05,0.000352557504137,0.0121847507426,0.374832981496,3.24872482106,1.25
0.000235416666667,0.000353125,0.0121847507426,0.374832981496,1.69927882969e-05,0.00029378587516,0.0122017435309,0.375126767371,3.28984792811,1.25
0.000235416666667,0.000235416666667,0.0122017435309,0.375126767371,1.35098875098e-05,0.000235028700128,0.0122152534184,0.375361796071,3.28984792811,1.25
0.000117708333333,0.000235416666667,0.0122152534184,0.375361796071,1.03221837224e-05,0.000176264207319,0.0122255756021,0.375538060279,3.33097103515,1.25
0.0,0.000117708333333,0.0122255756021,0.375538060279,3.48289638311e-06,5.8752266247e-05,0.0122290584985,0.375596812545,3.3720941422,1.25
0.0,0.0,0.0122290584985,0.375596812545,0.0,0.0,0.0122290584985,0.375596812545,3.3720941422,1.25
0.0,0.0,0.0122290584985,0.375596812545,0.0,0.0,0.0122290584985,0.375596812545,3.3720941422,1.25
0.0,0.0,0.0122290584985,0.375596812545,0.0,0.0,0.0122290584985,0.375596812545,3.3720941422,1.25
0.0,0.0,0.0122290584985,0.375596812545,0.0,0.0,0.0122290584985,0.375596812545,3.3720941422,1.25
0.0,0.0,0.0122290584985,0.375596812545,0.0,0.0,0.0122290584985,0.375596812545,3.3720941422,1.25
0.0,0.0,0.0122290584985,0.375596812545,0.0,0.0,0.0122290584985,0.375596812545,3.3720941422,1.25
0.0,0.0,0.0122290584985,0.375596812545,0.0,0.0,0.0122290584985,0.375596812545,3.3720941422,1.25
0.0,0.0,0.0122290584985,0.375596812545,0.0,0.0,0.0122290584985,0.375596812545,3.3720941422,1.25
0.0,0.0,0.0122290584985,0.375596812545,0.0,0.0,0.0122290584985,0.375596812545,3.3720941422,1.25
0.0,0.0,0.0122290584985,0.375596812545,0.0,0.0,0.0122290584985,0.375596812545,3.3720941422,1.25
0.0,0.0,0.0122290584985,0.375596812545,0.0,0.0,0.0122290584985,0.375596812545,3.3720941422,1.25
0.0,0.0,0.0122290584985,0.375596812545,0.0,0.0,0.0122290584985,0.375596812545,3.3720941422,1.25
