deltaR,deltaL,prevx,prevy,dx,dy,x,y,degrees,gyro
0.0,0.0,0,0,0.0,0.0,0.0,0.0,0.0,0.0
0.0,0.000117708333333,0.0,0.0,6.33624085996e-08,5.88541515076e-05,6.33624085996e-08,5.88541515076e-05,0.0411231070454,0.0
0.000353125,0.000470833333333,6.33624085996e-08,5.88541515076e-05,7.39227846457e-07,0.000411978742212,8.02590255057e-07,0.000470832893719,0.0822462140908,0.0
0.000353125,0.000823958333333,8.02590255057e-07,0.000470832893719,3.37930401462e-06,0.000588536209413,4.18189426968e-06,0.00105936910313,0.24673821859,0.0
0.000470833333333,0.000823958333333,4.18189426968e-06,0.00105936910313,4.87885256299e-06,0.000647382326654,9.06074683267e-06,0.00170675142979,0.370107370253,0.0
0.000353125,0.000823958333333,9.06074683267e-06,0.00170675142979,6.33610706213e-06,0.000588516048049,1.53968538948e-05,0.00229526747783,0.534599374752,0.0
0.00070625,0.000823958333333,1.53968538948e-05,0.00229526747783,7.96238690673e-06,0.000765065541708,2.33592408015e-05,0.00306033301954,0.575722481798,0.0
0.000823958333333,0.001059375,2.33592408015e-05,0.00306033301954,1.14894161356e-05,0.000941604575821,3.48486569371e-05,0.00400193759536,0.65796865352,0.0625
0.001059375,0.001059375,3.48486569371e-05,0.00400193759536,1.21652978281e-05,0.0010593051478,4.70139547652e-05,0.00506124274316,0.65796865352,0.0625
0.00129479166667,0.00117708333333,4.70139547652e-05,0.00506124274316,1.2862316397e-05,0.00123586587413,5.98762711622e-05,0.00629710861729,0.616845546475,0.0625
0.0014125,0.0014125,5.98762711622e-05,0.00629710861729,1.52066611269e-05,0.00141241814186,7.5082932289e-05,0.00770952675915,0.616845546475,0.0
0.00164791666667,0.0014125,7.5082932289e-05,0.00770952675915,1.31791940032e-05,0.00153014172493,8.82621262923e-05,0.00923966848408,0.534599374752,0.0625
0.00153020833333,0.00153020833333,8.82621262923e-05,0.00923966848408,1.42774311748e-05,0.00153014172493,0.000102539557467,0.010769810209,0.534599374752,0.0625
0.00153020833333,0.00153020833333,0.000102539557467,0.010769810209,1.42774311748e-05,0.00153014172493,0.000116816988642,0.0122999519339,0.534599374752,0.0625
0.00164791666667,0.001765625,0.000116816988642,0.0122999519339,1.7762247715e-05,0.00170668466996,0.000134579236357,0.0140066366039,0.575722481798,0.0625
0.001765625,0.001765625,0.000134579236357,0.0140066366039,1.77411479506e-05,0.00176553586548,0.000152320384307,0.0157721724694,0.575722481798,0.0
0.00188333333333,0.00200104166667,0.000152320384307,0.0157721724694,2.16061053612e-05,0.00194207494504,0.000173926489669,0.0177142474144,0.616845588843,0.0625
0.00188333333333,0.00200104166667,0.000173926489669,0.0177142474144,2.2999986675e-05,0.00194205943762,0.000196926476344,0.019656306852,0.657968695888,0.0625
0.00188333333333,0.00200104166667,0.000196926476344,0.019656306852,2.43938561407e-05,0.00194204292975,0.000221320332484,0.0215983497818,0.699091802934,0.0625
0.00200104166667,0.00200104166667,0.000221320332484,0.0215983497818,2.44150115075e-05,0.0020008927155,0.000245735343992,0.0235992424973,0.699091802934,0.125
0.00211875,0.00211875,0.000245735343992,0.0235992424973,2.5851188655e-05,0.002118592287,0.000271586532647,0.0257178347843,0.699091802934,0.125
0.00211875,0.00223645833333,0.000271586532647,0.0257178347843,2.89134964388e-05,0.00217742244225,0.000300500029086,0.0278952572265,0.740214909979,0.125
0.00223645833333,0.00235416666667,0.000300500029086,0.0278952572265,3.2123657865e-05,0.00229509907871,0.000332623686951,0.0301903563052,0.781338017025,0.125
0.00223645833333,0.00223645833333,0.000332623686951,0.0301903563052,3.04974602731e-05,0.00223625038438,0.000363121147224,0.0324266066896,0.781338017025,0.125
0.00223645833333,0.00235416666667,0.000363121147224,0.0324266066896,3.37709110437e-05,0.00229507602248,0.000396892058267,0.0347216827121,0.82246112407,0.125
0.00223645833333,0.00235416666667,0.000396892058267,0.0347216827121,3.54181468255e-05,0.00229505178396,0.000432310205093,0.0370167344961,0.863584231116,0.125
0.00235416666667,0.002471875,0.000432310205093,0.0370167344961,3.89661522779e-05,0.00241272002282,0.000471276357371,0.0394294545189,0.904707338161,0.125
0.00235416666667,0.002471875,0.000471276357371,0.0394294545189,4.06978224355e-05,0.0024126920555,0.000511974179806,0.0418421465744,0.945830445206,0.125
0.00235416666667,0.002471875,0.000511974179806,0.0418421465744,4.24294716279e-05,0.00241266284531,0.000554403651434,0.0442548094197,0.986953552252,0.1875
0.002471875,0.002471875,0.000554403651434,0.0442548094197,4.25773972619e-05,0.00247150828056,0.000596981048696,0.0467263177003,0.986953552252,0.1875
0.002471875,0.002471875,0.000596981048696,0.0467263177003,4.25773972619e-05,0.00247150828056,0.000639558445958,0.0491978259808,0.986953552252,0.1875
0.00235416666667,0.00258958333333,0.000639558445958,0.0491978259808,4.78989454383e-05,0.0024714446158,0.000687457391396,0.0516692705966,1.06919972397,0.1875
0.002471875,0.00258958333333,0.000687457391396,0.0516692705966,4.99474184518e-05,0.00253025398972,0.000737404809848,0.0541995245863,1.11032283102,0.1875
0.002471875,0.00258958333333,0.000737404809848,0.0541995245863,5.17634410298e-05,0.00253021814078,0.000789168250878,0.0567297427271,1.15144593807,0.25
0.002471875,0.00258958333333,0.000789168250878,0.0567297427271,5.35794369423e-05,0.00253018098842,0.00084274768782,0.0592599237155,1.19256904511,0.25
0.002471875,0.00258958333333,0.00084274768782,0.0592599237155,5.53954052538e-05,0.00253014253266,0.000898143093074,0.0617900662482,1.23369215216,0.25
0.002471875,0.00258958333333,0.000898143093074,0.0617900662482,5.72113450288e-05,0.00253010277352,0.000955354438103,0.0643201690217,1.2748152592,0.25
0.00258958333333,0.00270729166667,0.000955354438103,0.0643201690217,6.17727090682e-05,0.0026477389999,0.00101712714717,0.0669679080216,1.31593836625,0.25
0.00258958333333,0.00258958333333,0.00101712714717,0.0669679080216,5.94709156419e-05,0.00258890035545,0.00107659806281,0.0695568083771,1.31593836625,0.25
0.00258958333333,0.00258958333333,0.00107659806281,0.0695568083771,5.94709156419e-05,0.00258890035545,0.00113606897845,0.0721457087325,1.31593836625,0.25
0.002471875,0.00258958333333,0.00113606897845,0.0721457087325,6.08431352275e-05,0.00253001934517,0.00119691211368,0.0746757280777,1.35706147329,0.25
0.00258958333333,0.00270729166667,0.00119691211368,0.0746757280777,6.5573355119e-05,0.00264764896326,0.0012624854688,0.077323377041,1.39818458034,0.25
0.00270729166667,0.00270729166667,0.0012624854688,0.077323377041,6.60592772115e-05,0.00270648560689,0.00132854474601,0.0800298626478,1.39818458034,0.3125
0.00258958333333,0.00270729166667,0.00132854474601,0.0800298626478,6.74736279645e-05,0.00264760189906,0.00139601837398,0.0826774645469,1.43930768738,0.3125
0.00270729166667,0.00270729166667,0.00139601837398,0.0826774645469,6.80017957326e-05,0.00270643749682,0.00146402016971,0.0853839020437,1.43930768738,0.3125
0.00306041666667,0.00306041666667,0.00146402016971,0.0853839020437,7.6871595176e-05,0.00305945108336,0.00154089176489,0.0884433531271,1.43930768738,0.3125
0.00306041666667,0.003178125,0.00154089176489,0.0884433531271,8.17069977941e-05,0.00311822964359,0.00162259876268,0.0915615827707,1.48043079443,0.375
0.00294270833333,0.00306041666667,0.00162259876268,0.0915615827707,8.07772775215e-05,0.00300050416955,0.0017033760402,0.0945620869402,1.52155390147,0.375
0.003178125,0.003178125,0.0017033760402,0.0945620869402,8.43887661057e-05,0.00317700441482,0.00178776480631,0.097739091355,1.52155390147,0.375
0.00306041666667,0.003178125,0.00178776480631,0.097739091355,8.6182986752e-05,0.00311811074957,0.00187394779306,0.100857202105,1.56267700852,0.375
0.00306041666667,0.003178125,0.00187394779306,0.100857202105,8.84209152128e-05,0.00311804889315,0.00196236870827,0.103975250998,1.60380011556,0.4375
0.003178125,0.003178125,0.00196236870827,0.103975250998,8.89491633324e-05,0.00317688000434,0.0020513178716,0.107152131002,1.60380011556,0.4375
0.00306041666667,0.003178125,0.0020513178716,0.107152131002,9.06587981243e-05,0.00311798543049,0.00214197666973,0.110270116433,1.64492322261,0.4375
0.003178125,0.003178125,0.00214197666973,0.110270116433,9.12292938009e-05,0.00317681534427,0.00223320596353,0.113446931777,1.64492322261,0.4375
0.00306041666667,0.003178125,0.00223320596353,0.113446931777,9.28966343336e-05,0.00311792036162,0.00232610259786,0.116564852138,1.68604632966,0.4375
0.00329583333333,0.00329583333333,0.00232610259786,0.116564852138,9.69726875428e-05,0.00329440641982,0.00242307528541,0.119859258558,1.68604632966,0.5
0.00341354166667,0.00341354166667,0.00242307528541,0.119859258558,0.000100435997812,0.00341206379196,0.00252351128322,0.12327132235,1.68604632966,0.5
0.00353125,0.00364895833333,0.00252351128322,0.12327132235,0.000109494335547,0.00358847311097,0.00263300561877,0.126859795461,1.7271694367,0.5625
0.00353125,0.00353125,0.00263300561877,0.126859795461,0.000106432680639,0.00352964568293,0.0027394382994,0.130389441144,1.7271694367,0.5625
0.00353125,0.00364895833333,0.0027394382994,0.130389441144,0.00011206984687,0.00358839452321,0.00285150814627,0.133977835667,1.76829254375,0.5625
0.00353125,0.00353125,0.00285150814627,0.133977835667,0.000108965998369,0.00352956838349,0.00296047414464,0.137507404051,1.76829254375,0.625
0.00353125,0.00364895833333,0.00296047414464,0.137507404051,0.000114645300462,0.00358831408692,0.00307511944511,0.141095718138,1.80941565079,0.625
0.00364895833333,0.00353125,0.00307511944511,0.141095718138,0.000109494335547,0.00358839452321,0.00318461378065,0.144684112661,1.76829254375,0.625
0.00364895833333,0.00364895833333,0.00318461378065,0.144684112661,0.000112598198315,0.00364722066293,0.00329721197897,0.148331333324,1.76829254375,0.625
0.00353125,0.00353125,0.00329721197897,0.148331333324,0.000108965998369,0.00352956838349,0.00340617797734,0.151860901707,1.76829254375,0.625
0.00353125,0.00341354166667,0.00340617797734,0.151860901707,0.000103413234447,0.00347081825488,0.00350959121178,0.155331719962,1.7271694367,0.625
0.00353125,0.00353125,0.00350959121178,0.155331719962,0.000106432680639,0.00352964568293,0.00361602389242,0.158861365645,1.7271694367,0.625
0.00364895833333,0.00364895833333,0.00361602389242,0.158861365645,0.000109980436661,0.00364730053902,0.00372600432908,0.162508666184,1.7271694367,0.6875
0.00341354166667,0.00364895833333,0.00372600432908,0.162508666184,0.00011403246021,0.0035294892659,0.00384003678929,0.16603815545,1.80941560842,0.6875
0.00353125,0.00364895833333,0.00384003678929,0.16603815545,0.000117220692342,0.00358823180222,0.00395725748164,0.169626387252,1.85053871547,0.75
0.00341354166667,0.00353125,0.00395725748164,0.169626387252,0.000115868287917,0.00347050348312,0.00407312576955,0.173096890735,1.89166182251,0.75
0.00353125,0.00353125,0.00407312576955,0.173096890735,0.000116565606932,0.00352932557605,0.00418969137648,0.176626216312,1.89166182251,0.75
0.00353125,0.00364895833333,0.00418969137648,0.176626216312,0.000122371298926,0.00358806168735,0.00431206267541,0.180214277999,1.93278492956,0.8125
0.00376666666667,0.00376666666667,0.00431206267541,0.180214277999,0.00012703860512,0.00376452373755,0.00443910128053,0.183978801736,1.93278492956,0.8125
0.00376666666667,0.00376666666667,0.00443910128053,0.183978801736,0.00012703860512,0.00376452373755,0.00456613988565,0.187743325474,1.93278492956,0.8125
0.00376666666667,0.00376666666667,0.00456613988565,0.187743325474,0.00012703860512,0.00376452373755,0.00469317849077,0.191507849212,1.93278492956,0.8125
0.00376666666667,0.00376666666667,0.00469317849077,0.191507849212,0.00012703860512,0.00376452373755,0.00482021709589,0.195272372949,1.93278492956,0.875
0.00376666666667,0.003884375,0.00482021709589,0.195272372949,0.000133139721984,0.00382325083161,0.00495335681787,0.199095623781,1.9739080366,0.875
0.00376666666667,0.003884375,0.00495335681787,0.199095623781,0.000135883728986,0.00382315527276,0.00508924054686,0.202918779053,2.01503114365,0.875
0.00376666666667,0.00376666666667,0.00508924054686,0.202918779053,0.000132442322852,0.00376433749933,0.00522168286971,0.206683116553,2.01503114365,0.875
0.00376666666667,0.003884375,0.00522168286971,0.206683116553,0.000138627665989,0.00382305774444,0.0053603105357,0.210506174297,2.0561542507,0.875
0.00376666666667,0.00376666666667,0.0053603105357,0.210506174297,0.000135144080074,0.00376424147145,0.00549545461578,0.214270415769,2.0561542507,0.875
0.00376666666667,0.003884375,0.00549545461578,0.214270415769,0.000141371531578,0.00382295824671,0.00563682614735,0.218093374015,2.09727735774,0.9375
0.00376666666667,0.003884375,0.00563682614735,0.218093374015,0.000144115324341,0.00382285677961,0.0057809414717,0.221916230795,2.13840046479,0.9375
0.00376666666667,0.003884375,0.0057809414717,0.221916230795,0.000146859042865,0.0038227533432,0.00592780051456,0.225738984138,2.17952357183,0.9375
0.00364895833333,0.00376666666667,0.00592780051456,0.225738984138,0.000144999526174,0.00370502800099,0.00607280004073,0.229444012139,2.22064667888,0.9375
0.00376666666667,0.00376666666667,0.00607280004073,0.229444012139,0.000145950398863,0.00376383796926,0.0062187504396,0.233207850108,2.22064667888,0.9375
0.00364895833333,0.003884375,0.0062187504396,0.233207850108,0.000154054349207,0.00376362458461,0.0063728047888,0.236971474693,2.3028928506,0.9375
0.00376666666667,0.00376666666667,0.0063728047888,0.236971474693,0.00015135310993,0.00376362458461,0.00652415789873,0.240735099278,2.3028928506,0.9375
0.00364895833333,0.00376666666667,0.00652415789873,0.240735099278,0.000152976739053,0.00370471006238,0.00667713463779,0.24443980934,2.34401595765,0.9375
0.00258958333333,0.00258958333333,0.00667713463779,0.24443980934,0.000105912366036,0.0025874165515,0.00678304700382,0.247027225892,2.34401595765,0.9375
0.00223645833333,0.00235416666667,0.00678304700382,0.247027225892,9.63458817548e-05,0.00229332397409,0.00687939288558,0.249320549866,2.38513906469,0.9375
0.00223645833333,0.00211875,0.00687939288558,0.249320549866,8.82818497437e-05,0.00217578210013,0.00696767473532,0.251496331966,2.34401595765,0.9375
0.00200104166667,0.00211875,0.00696767473532,0.251496331966,8.64642528569e-05,0.0020581112588,0.00705413898818,0.253554443225,2.38513906469,0.9375
0.00200104166667,0.00188333333333,0.00705413898818,0.253554443225,7.87378659876e-05,0.00194056241363,0.00713287685417,0.255495005638,2.34401595765,0.9375
0.00200104166667,0.00188333333333,0.00713287685417,0.255495005638,7.7345018577e-05,0.00194061892644,0.00721022187274,0.257435624565,2.3028928506,0.9375
0.001765625,0.00188333333333,0.00721022187274,0.257435624565,7.52742684227e-05,0.00182295257038,0.00728549614117,0.259258577135,2.34401595765,0.9375
0.00164791666667,0.00164791666667,0.00728549614117,0.259258577135,6.73987783868e-05,0.0016465378055,0.00735289491955,0.260905114941,2.34401595765,0.9375
0.00153020833333,0.00153020833333,0.00735289491955,0.260905114941,6.25845799306e-05,0.00152892796225,0.00741547949948,0.262434042903,2.34401595765,0.9375
0.0014125,0.0014125,0.00741547949948,0.262434042903,5.77703814744e-05,0.001411318119,0.00747324988096,0.263845361022,2.34401595765,0.9375
0.00129479166667,0.00129479166667,0.00747324988096,0.263845361022,5.29561830182e-05,0.00129370827575,0.00752620606398,0.265139069298,2.34401595765,0.9375
0.00117708333333,0.00117708333333,0.00752620606398,0.265139069298,4.8141984562e-05,0.0011760984325,0.00757434804854,0.26631516773,2.34401595765,0.9375
0.001059375,0.001059375,0.00757434804854,0.26631516773,4.33277861058e-05,0.00105848858925,0.00761767583464,0.267373656319,2.34401595765,0.9375
0.000823958333333,0.000941666666667,0.00761767583464,0.267373656319,3.70561083672e-05,0.000882047682342,0.00765473194301,0.268255704002,2.38513906469,0.9375
0.000823958333333,0.000941666666667,0.00765473194301,0.268255704002,3.76891645376e-05,0.000882021085928,0.00769242110755,0.269137725088,2.42626217174,0.9375
0.00070625,0.00070625,0.00769242110755,0.269137725088,2.98981110871e-05,0.000705616868742,0.00772231921864,0.269843341956,2.42626217174,0.9375
0.000588541666667,0.000588541666667,0.00772231921864,0.269843341956,2.49150925726e-05,0.000588014057285,0.00774723431121,0.270431356014,2.42626217174,0.9375
0.000588541666667,0.000588541666667,0.00774723431121,0.270431356014,2.49150925726e-05,0.000588014057285,0.00777214940378,0.271019370071,2.42626217174,0.9375
0.000353125,0.000470833333333,0.00777214940378,0.271019370071,1.78836939366e-05,0.000411597216402,0.00779003309772,0.271430967287,2.46738527878,0.9375
0.000353125,0.000353125,0.00779003309772,0.271430967287,1.5202274145e-05,0.000352797614059,0.00780523537186,0.271783764901,2.46738527878,0.9375
0.000235416666667,0.000235416666667,0.00780523537186,0.271783764901,1.013484943e-05,0.000235198409373,0.00781537022129,0.272018963311,2.46738527878,0.9375
0.000235416666667,0.000117708333333,0.00781537022129,0.272018963311,7.41122167345e-06,0.000176404217186,0.00782278144297,0.272195367528,2.42626217174,0.9375
0.000117708333333,0.000117708333333,0.00782278144297,0.272195367528,4.98301851452e-06,0.000117602811457,0.00782776446148,0.272312970339,2.42626217174,0.9375
0.0,0.0,0.00782776446148,0.272312970339,0.0,0.0,0.00782776446148,0.272312970339,2.42626217174,0.9375
0.0,0.0,0.00782776446148,0.272312970339,0.0,0.0,0.00782776446148,0.272312970339,2.42626217174,0.9375
0.0,0.0,0.00782776446148,0.272312970339,0.0,0.0,0.00782776446148,0.272312970339,2.42626217174,0.9375
0.0,0.0,0.00782776446148,0.272312970339,0.0,0.0,0.00782776446148,0.272312970339,2.42626217174,0.9375
0.0,0.0,0.00782776446148,0.272312970339,0.0,0.0,0.00782776446148,0.272312970339,2.42626217174,0.9375
0.0,0.0,0.00782776446148,0.272312970339,0.0,0.0,0.00782776446148,0.272312970339,2.42626217174,0.9375
0.0,0.0,0.00782776446148,0.272312970339,0.0,0.0,0.00782776446148,0.272312970339,2.42626217174,0.9375
0.0,0.0,0.00782776446148,0.272312970339,0.0,0.0,0.00782776446148,0.272312970339,2.42626217174,0.9375
0.0,0.0,0.00782776446148,0.272312970339,0.0,0.0,0.00782776446148,0.272312970339,2.42626217174,0.9375
0.0,0.0,0.00782776446148,0.272312970339,0.0,0.0,0.00782776446148,0.272312970339,2.42626217174,0.9375
0.0,0.0,0.00782776446148,0.272312970339,0.0,0.0,0.00782776446148,0.272312970339,2.42626217174,0.9375
0.0,0.0,0.00782776446148,0.272312970339,0.0,0.0,0.00782776446148,0.272312970339,2.42626217174,0.9375
0.0,0.0,0.00782776446148,0.272312970339,0.0,0.0,0.00782776446148,0.272312970339,2.42626217174,0.9375
